AOA	CL	CD	CM	
-6.35023          -0.291523         0.0184998         0.00911882     
-6.47563          -0.302232         0.0197062         0.00948442     
-6.6008           -0.312919         0.0209466         0.00987018     
-6.72571          -0.323724         0.0222011         0.010243       
-6.85033          -0.334364         0.0234688         0.0106024      
-6.97467          -0.34513          0.0247493         0.0109494      
-7.09868          -0.355782         0.0260415         0.0112826      
-7.22236          -0.366452         0.0273452         0.0116033      
-7.34568          -0.377136         0.0286593         0.0119103      
-7.46862          -0.387708         0.0299833         0.0122043      
-7.59118          -0.398386         0.0313164         0.0124852      
-7.71331          -0.408905         0.0326577         0.0127523      
-7.83503          -0.41951          0.034008          0.01301        
-7.95628          -0.430024         0.035368          0.0132619      
-8.07707          -0.440513         0.0367343         0.0135009      
-8.19736          -0.451025         0.0381058         0.0137263      
-8.31715          -0.461415         0.0394819         0.013938       
-8.43642          -0.471868         0.0408619         0.0141366      
-8.55513          -0.48221          0.0422447         0.0143212      
-8.67329          -0.492553         0.0436299         0.0144927      
-8.79087          -0.502859         0.0450164         0.0146502      
-8.90784          -0.513089         0.0464036         0.0147943      
-9.0242           -0.523338         0.0477907         0.0149248      
-9.13993          -0.533474         0.0491768         0.0150415      
-9.255            -0.543576         0.0505593         0.0151594      
-9.36939          -0.553572         0.0519388         0.0152666      
-9.4831           -0.563548         0.053315          0.0153604      
-9.59611          -0.573477         0.054687          0.0154403      
-9.70838          -0.583323         0.0560542         0.0155064      
-9.81992          -0.593161         0.0574156         0.0155589      
-9.9307           -0.602906         0.0587706         0.0155975      
-10.0407          -0.612621         0.0601183         0.0156224      
-10.1499          -0.622268         0.061458          0.0156335      
-10.2583          -0.631856         0.0627888         0.0156309      
-10.3659          -0.641392         0.0641101         0.0156145      
-10.4726          -0.650853         0.0654215         0.0155866      
-10.5785          -0.660254         0.0667272         0.0155675      
-10.6835          -0.669639         0.0680194         0.0155313      
-10.7876          -0.678688         0.069299          0.0154815      
-10.8908          -0.688094         0.0705676         0.0154225      
-10.993           -0.697215         0.0718186         0.0153432      
-11.0944          -0.705979         0.0730565         0.0152535      
-11.1948          -0.715386         0.0742791         0.0151507      
-11.2941          -0.723914         0.0754843         0.0150322      
-11.3926          -0.733034         0.0766743         0.0149033      
-11.49            -0.741663         0.0778442         0.0147565      
-11.5864          -0.750286         0.0789976         0.0145995      
-11.6817          -0.759102         0.0801303         0.0144262      
-11.7761          -0.767281         0.0812696         0.0143298      
-11.8693          -0.77605          0.0823941         0.0142383      
-11.9615          -0.784078         0.0834957         0.0141303      
-12.0526          -0.79252          0.0845774         0.0140113      
-12.1426          -0.800642         0.0856343         0.0138746      
-12.2315          -0.808612         0.0866696         0.0137266      
-12.3192          -0.816837         0.0876801         0.0135627      
-12.4059          -0.824459         0.0886705         0.0133915      
-12.4912          -0.832844         0.0896271         0.0131928      
-12.5754          -0.839396         0.0905597         0.0129825      
-12.6586          -0.848274         0.0914729         0.0127687      
-12.7403          -0.855071         0.0923516         0.0125292      
-12.8211          -0.862721         0.0932114         0.0122881      
-12.9005          -0.870421         0.0940384         0.0120314      
-12.9787          -0.876816         0.0948434         0.0117739      
-13.0557          -0.885075         0.0956187         0.0115014      
-13.1313          -0.890994         0.0963615         0.0112101      
-13.2058          -0.898836         0.0970808         0.010914       
-13.2789          -0.905216         0.0977618         0.0105926      
-13.3508          -0.911915         0.0984199         0.0102683      
-13.4213          -0.919088         0.0990409         0.00992201     
-13.4905          -0.924744         0.0996331         0.0095656      
-13.5584          -0.932199         0.100194          0.00919681     
-13.6249          -0.937587         0.100719          0.00880824     
-13.6902          -0.944448         0.101218          0.00841523     
-13.7539          -0.950338         0.101676          0.00799847     
-13.8165          -0.956098         0.102107          0.007577       
-13.8775          -0.962614         0.102501          0.00713647     
-13.9372          -0.96689          0.102871          0.00681346     
-13.9955          -0.972312         0.103219          0.00658217     
-14.0523          -0.976007         0.103528          0.00632757     
-14.1079          -0.980749         0.10381           0.00606566     
-14.1618          -0.984963         0.104052          0.0057784      
-14.2145          -0.988713         0.104265          0.00548213     
-14.2656          -0.993425         0.104442          0.00516589     
-14.3153          -0.996517         0.104585          0.00483288     
-14.3636          -1.00113          0.104696          0.00448842     
-14.4103          -1.00428          0.104768          0.00412036     
-14.4557          -1.00826          0.104825          0.00374488     
-14.4994          -1.01278          0.104908          0.00334575     
-14.5418          -1.01656          0.104958          0.00293578     
-14.5826          -1.02138          0.104971          0.0025085      
-14.6219          -1.02466          0.104944          0.00206309     
-14.6597          -1.02917          0.104884          0.00160741     
-14.6959          -1.03257          0.104781          0.00112877     
-14.7308          -1.03627          0.104648          0.000641976    
-14.764           -1.04006          0.104472          0.000133761    
-14.7957          -1.04294          0.104273          -0.000406949   
-14.8258          -1.04687          0.104041          -0.000969226   
-14.8544          -1.04939          0.10377           -0.00154971    
-14.8815          -1.05288          0.103466          -0.00213899    
-14.907           -1.05558          0.10312           -0.00274957    
-14.931           -1.05825          0.102742          -0.00336845    
-14.9533          -1.06126          0.102324          -0.00400583    
-14.9741          -1.06324          0.101871          -0.00465612    
-14.9934          -1.06622          0.101384          -0.00531887    
-15.011           -1.06798          0.100858          -0.00599987    
-15.0272          -1.07043          0.100301          -0.00668907    
-15.0417          -1.07237          0.0997032         -0.00739799    
-15.0546          -1.07405          0.0990749         -0.00811587    
-15.066           -1.07619          0.0984098         -0.00884991    
-15.0757          -1.07729          0.0977103         -0.0095975     
-15.0839          -1.07927          0.0969793         -0.0103558     
-15.0905          -1.08023          0.0962109         -0.0111318     
-15.0955          -1.08163          0.095414          -0.0119157     
-15.0989          -1.08276          0.0945803         -0.0127174     
-15.1007          -1.08344          0.0937174         -0.0135285     
-15.1009          -1.08467          0.0928217         -0.0143536     
-15.0995          -1.08489          0.0918939         -0.0151923     
-15.0966          -1.08585          0.0909382         -0.0160404     
-15.0919          -1.086            0.0899484         -0.0169051     
-15.0858          -1.08635          0.0889331         -0.0177774     
-15.078           -1.08664          0.0878853         -0.0186655     
-15.0687          -1.08635          0.086811          -0.0195633     
-15.0578          -1.08663          0.0857087         -0.0204729     
-15.0453          -1.08598          0.0845774         -0.0213961     
-15.0312          -1.08591          0.0834224         -0.0223272     
-15.0155          -1.08524          0.0822377         -0.0232738     
-14.9982          -1.08457          0.081031          -0.0242277     
-14.9793          -1.08398          0.079797          -0.0251953     
-14.9589          -1.08275          0.0785399         -0.0261727     
-14.9369          -1.08207          0.07726           -0.02716       
-14.9133          -1.08056          0.0759552         -0.0281602     
-14.8882          -1.07947          0.0746314         -0.0291675     
-14.8615          -1.07796          0.0732829         -0.0301886     
-14.8333          -1.07629          0.0719165         -0.0312168     
-14.8034          -1.07481          0.0705284         -0.0322567     
-14.7721          -1.07266          0.0691213         -0.0333062     
-14.7392          -1.07101          0.0676967         -0.034364      
-14.7047          -1.06864          0.0662521         -0.0354338     
-14.6687          -1.06654          0.0647933         -0.0365098     
-14.6312          -1.06417          0.0633155         -0.037598      
-14.5922          -1.06153          0.0618243         -0.038693      
-14.5516          -1.05914          0.0603175         -0.0397977     
-14.5095          -1.05608          0.0587965         -0.0409116     
-14.4659          -1.05345          0.0572639         -0.0420323     
-14.4208          -1.05024          0.0557168         -0.043164      
-14.3743          -1.04716          0.0541608         -0.0443009     
-14.3262          -1.04394          0.0525919         -0.0454484     
-14.2766          -1.04036          0.0510147         -0.0466021     
-14.2256          -1.03706          0.0494281         -0.0477638     
-14.1731          -1.03314          0.0478326         -0.048934      
-14.1192          -1.02957          0.0462314         -0.0501095     
-14.0638          -1.02553          0.0446216         -0.0512947     
-14.007           -1.02151          0.0430082         -0.0524843     
-13.9487          -1.01745          0.0413883         -0.0536826     
-13.889           -1.01298          0.0397653         -0.0548866     
-13.8279          -1.00881          0.0381393         -0.0560968     
-13.7654          -1.00407          0.0365099         -0.0573144     
-13.7015          -0.999582         0.0348806         -0.0585361     
-13.6362          -0.994755         0.0332488         -0.0597658     
-13.5695          -0.989838         0.0316188         -0.0609992     
-13.5015          -0.984969         0.0299887         -0.0622392     
-13.4321          -0.979671         0.0283607         -0.0634843     
-13.3614          -0.97464          0.0267358         -0.0647336     
-13.2893          -0.969135         0.0251132         -0.0659893     
-13.216           -0.963776         0.0234963         -0.0672478     
-13.1413          -0.958195         0.0218831         -0.0685124     
-13.0653          -0.952456         0.020277          -0.0697796     
-12.988           -0.9468           0.0186761         -0.0710525     
-12.9094          -0.940693         0.0170833         -0.0723285     
-12.8296          -0.934929         0.0154992         -0.0736075     
-12.7486          -0.928606         0.0139227         -0.0748915     
-12.6663          -0.922524         0.0123578         -0.0761763     
-12.5827          -0.916175         0.0108015         -0.0774665     
-12.498           -0.909665         0.00925791        -0.0787575     
-12.4121          -0.903307         0.00772539        -0.0800522     
-12.325           -0.89646          0.00620552        -0.0813492     
-12.2367          -0.889944         0.00469983        -0.0826473     
-12.1472          -0.882953         0.00320684        -0.0839491     
-12.0567          -0.876106         0.0017302         -0.0852505     
-11.965           -0.869101         0.000267527       -0.0865553     
-11.8721          -0.861875         -0.00116847       -0.087877      
-11.7782          -0.85483          -0.00258175       -0.0892114     
-11.6832          -0.847327         -0.00397753       -0.0905478     
-11.5872          -0.840094         -0.00535399       -0.091884      
-11.49            -0.832484         -0.00671264       -0.093223      
-11.3919          -0.824927         -0.00805028       -0.0945608     
-11.2927          -0.817302         -0.00936876       -0.0959008     
-11.1925          -0.80941          -0.0106657        -0.0972401     
-11.0914          -0.801958         -0.0119485        -0.0985796     
-10.9892          -0.794733         -0.0132303        -0.0999197     
-10.8861          -0.787736         -0.0144915        -0.101258      
-10.7821          -0.78047          -0.0157338        -0.102597      
-10.6771          -0.773192         -0.0169542        -0.103935      
-10.5713          -0.765943         -0.0181544        -0.105272      
-10.4645          -0.758407         -0.0193326        -0.106607      
-10.3569          -0.751099         -0.0204887        -0.107941      
-10.2484          -0.74343          -0.0216231        -0.109274      
-10.1391          -0.735935         -0.0227337        -0.110604      
-10.0289          -0.728257         -0.0238222        -0.111933      
-9.91801          -0.719373         -0.0247053        -0.113027      
-9.80628          -0.710524         -0.0255541        -0.114109      
-9.69379          -0.701365         -0.0263733        -0.115186      
-9.58056          -0.692421         -0.0271621        -0.116256      
-9.46658          -0.683144         -0.0279216        -0.117321      
-9.35192          -0.673972         -0.0286496        -0.118378      
-9.23654          -0.664693         -0.0293478        -0.11943       
-9.1205           -0.655255         -0.0300144        -0.120474      
-9.0038           -0.645957         -0.0306501        -0.121513      
-8.88645          -0.636335         -0.0312545        -0.122544      
-8.76851          -0.626916         -0.0318267        -0.123567      
-8.64994          -0.617227         -0.0323679        -0.124585      
-8.53082          -0.607587         -0.0328762        -0.125593      
-8.41112          -0.597912         -0.0333531        -0.126595      
-8.29089          -0.588036         -0.0337969        -0.127587      
-8.17014          -0.57833          -0.0342032        -0.128556      
-8.04887          -0.568317         -0.0345773        -0.129517      
-7.92714          -0.558478         -0.0349185        -0.130468      
-7.80492          -0.548442         -0.0352277        -0.131412      
-7.68228          -0.538399         -0.0355038        -0.132347      
-7.5592           -0.52839          -0.0357478        -0.133273      
-7.43573          -0.51815          -0.0359592        -0.13419       
-7.31187          -0.508121         -0.0361379        -0.135097      
-7.18764          -0.497787         -0.0362847        -0.135996      
-7.06308          -0.487627         -0.0363987        -0.136885      
-6.93818          -0.477312         -0.0364811        -0.137765      
-6.81299          -0.466957         -0.0365309        -0.138634      
-6.6875           -0.456695         -0.0365492        -0.139494      
-6.56175          -0.446153         -0.0365005        -0.14024       
-6.43577          -0.435838         -0.0364181        -0.140969      
-6.30955          -0.425254         -0.0363046        -0.141688      
-6.18314          -0.41481          -0.0361592        -0.142395      
-6.05653          -0.404277         -0.0359832        -0.143093      
-5.92977          -0.393665         -0.0357761        -0.143778      
-5.80286          -0.383187         -0.0355385        -0.144452      
-5.67583          -0.372472         -0.0352708        -0.145115      
-5.54871          -0.36196          -0.0349729        -0.145766      
-5.42149          -0.351249         -0.0346458        -0.146406      
-5.29422          -0.340622         -0.0342891        -0.147034      
-5.1669           -0.329981         -0.0339039        -0.14765       
-5.03957          -0.319217         -0.0334833        -0.148236      
-4.91223          -0.308607         -0.0330327        -0.148804      
-4.78491          -0.297787         -0.0325546        -0.149361      
-4.65764          -0.287146         -0.0320491        -0.149905      
-4.53042          -0.276367         -0.031517         -0.150438      
-4.40329          -0.265634         -0.0309585        -0.150957      
-4.27625          -0.254938         -0.0303744        -0.151464      
-4.14934          -0.244124         -0.0297649        -0.151959      
-4.02257          -0.233477         -0.0291306        -0.15244       
-3.89596          -0.222656         -0.0284722        -0.15291       
-3.76954          -0.211987         -0.0277899        -0.153366      
-3.6433           -0.201228         -0.0270831        -0.153807      
-3.5173           -0.190431         -0.0263446        -0.154219      
-3.39154          -0.179714         -0.0255842        -0.154619      
-3.26604          -0.168876         -0.0248022        -0.155005      
-3.14082          -0.158208         -0.0239994        -0.155378      
-3.01589          -0.147411         -0.0231764        -0.155738      
-2.8913           -0.13673          -0.0223338        -0.156085      
-2.76704          -0.12603          -0.0214722        -0.156419      
-2.64315          -0.115317         -0.0205924        -0.156739      
-2.51963          -0.104718         -0.0196949        -0.157046      
-2.39651          -0.094012         -0.0187805        -0.157339      
-2.27381          -0.0834668        -0.0178497        -0.157619      
-2.15155          -0.0728358        -0.0169003        -0.157877      
-2.02975          -0.0622975        -0.0159349        -0.158118      
-1.90842          -0.0517846        -0.0149553        -0.158345      
-1.78759          -0.0412494        -0.0139623        -0.158559      
-1.66728          -0.0308383        -0.0129565        -0.15876       
-1.54749          -0.0203627        -0.0119388        -0.158947      
-1.42826          -0.010001         -0.0109097        -0.159119      
-1.3096           0.000362498       -0.00987005       -0.159279      
-1.19153          0.0106871         -0.00882061       -0.159424      
-1.07407          0.0209351         -0.0077621        -0.159556      
-0.957239         0.0312021         -0.00669527       -0.159674      
-0.841051         0.0412772         -0.00561025       -0.159734      
-0.725525         0.0512261         -0.00449851       -0.159697      
-0.610684         0.0610789         -0.0033809        -0.159646      
-0.496537         0.0709117         -0.00225815       -0.159582      
-0.383111         0.0806961         -0.00113103       -0.159504      
-0.27042          0.0903977         -2.8164e-07       -0.159412      
-0.15848          0.100091          0.00113335        -0.159308      
-0.0473125        0.109689          0.00226911        -0.159189      
0.0630697         0.119258          0.00340625        -0.159057      
0.172645          0.128757          0.00454402        -0.158912      
0.281401          0.138198          0.00568168        -0.158754      
0.389316          0.147585          0.00681849        -0.158582      
0.496376          0.156882          0.00795532        -0.158389      
0.602593          0.166128          0.00909077        -0.15818       
0.707867          0.175357          0.0102227         -0.157955      
0.812236          0.184248          0.0113508         -0.157717      
0.915761          0.193498          0.0124751         -0.157471      
1.01824           0.202462          0.0135932         -0.157205      
1.11982           0.211065          0.0147058         -0.156929      
1.22045           0.220317          0.0158118         -0.156641      
1.32005           0.228683          0.0169101         -0.156338      
1.41871           0.237645          0.018001          -0.156026      
1.51629           0.246113          0.0190823         -0.155696      
1.61289           0.254576          0.0201549         -0.155358      
1.7084            0.263192          0.0212191         -0.154988      
1.80287           0.271147          0.0222749         -0.15459       
1.89628           0.279703          0.0233195         -0.15418       
1.98855           0.287512          0.0243515         -0.153756      
2.07978           0.295738          0.0253715         -0.153322      
2.16983           0.303644          0.0263775         -0.152873      
2.25879           0.311397          0.0273701         -0.152415      
2.34658           0.319407          0.0283478         -0.151943      
2.43333           0.326811          0.0293123         -0.151465      
2.51868           0.334985          0.0302574         -0.150963      
2.60288           0.341312          0.0311869         -0.150451      
2.68605           0.349984          0.0321025         -0.149938      
2.76782           0.356561          0.0329974         -0.149401      
2.84856           0.363984          0.0338781         -0.148862      
2.92788           0.371434          0.0347372         -0.148294      
3.00606           0.377571          0.0355794         -0.147721      
3.08295           0.385588          0.0364018         -0.147135      
3.1585            0.39125           0.0372029         -0.146534      
3.2329            0.39885           0.0379866         -0.14593       
3.30582           0.404979          0.0387459         -0.145304      
3.37761           0.411432          0.0394876         -0.144678      
3.44794           0.418362          0.0402049         -0.144034      
3.517             0.423768          0.0409015         -0.143382      
3.58474           0.430986          0.0415762         -0.142721      
3.65103           0.436125          0.042226          -0.142043      
3.7161            0.442749          0.042856          -0.141364      
3.77963           0.448397          0.0434588         -0.140665      
3.84192           0.453917          0.0440411         -0.139965      
3.90272           0.460187          0.044597          -0.139246      
3.96215           0.464831          0.0451289         -0.138516      
4.0202            0.471134          0.0456375         -0.13778       
4.07673           0.475685          0.0461185         -0.137027      
4.13197           0.481278          0.0465779         -0.136273      
4.18562           0.486327          0.0470085         -0.135501      
4.23794           0.490895          0.0474164         -0.134726      
4.28873           0.496418          0.0477971         -0.133939      
4.33806           0.500299          0.0481518         -0.133141      
4.38599           0.505696          0.0484823         -0.13234       
4.43231           0.509608          0.0487836         -0.131522      
4.47729           0.514209          0.0490622         -0.130703      
4.52064           0.518607          0.0493113         -0.129869      
4.56258           0.522257          0.0495361         -0.129031      
4.60298           0.526961          0.0497338         -0.128183      
4.64183           0.530108          0.0499039         -0.127325      
4.67924           0.534505          0.05005           -0.126464      
4.71501           0.537775          0.0501662         -0.125588      
4.74937           0.541352          0.0502593         -0.124711      
4.78209           0.545005          0.0503231         -0.123817      
4.81332           0.547718          0.0503618         -0.122918      
4.843             0.551496          0.0503744         -0.122011      
4.87108           0.55386           0.0503591         -0.121094      
4.89768           0.557201          0.0503204         -0.120175      
4.92262           0.559746          0.0502527         -0.119243      
4.94609           0.562272          0.0501619         -0.11831       
4.96792           0.565137          0.0500436         -0.117367      
4.98819           0.566966          0.0499003         -0.116418      
5.00692           0.569808          0.0497326         -0.115465      
5.024             0.571418          0.0495378         -0.114501      
5.03959           0.573729          0.0493209         -0.113537      
5.05349           0.575536          0.0490765         -0.112562      
5.06589           0.577076          0.0488101         -0.111585      
5.07665           0.579096          0.0485184         -0.1106        
5.08583           0.580065          0.0482029         -0.10961       
5.09345           0.581929          0.0478652         -0.108618      
5.0994            0.582773          0.0475023         -0.107615      
5.10385           0.584056          0.0471192         -0.106613      
5.10662           0.585082          0.0467113         -0.105602      
5.10786           0.585657          0.0462831         -0.10459       
5.10747           0.586789          0.0458326         -0.103571      
5.10547           0.586909          0.0453604         -0.102548      
5.10193           0.587778          0.044869          -0.101524      
5.09672           0.58784           0.044355          -0.100491      
5.09              0.588109          0.0438235         -0.0994593     
5.08162           0.588318          0.0432706         -0.0984203     
5.07168           0.587954          0.0426999         -0.0973801     
5.06016           0.588168          0.0421107         -0.0963365     
5.04701           0.58745           0.0415026         -0.0952882     
5.03234           0.58732           0.0408788         -0.0942402     
5.01602           0.586586          0.0402359         -0.0931856     
4.99818           0.585861          0.0395787         -0.0921322     
4.97871           0.585226          0.0389043         -0.0910738     
4.9577            0.583948          0.0382152         -0.0900143     
4.93512           0.583227          0.0375117         -0.0889534     
4.91094           0.581679          0.0367929         -0.0878884     
4.88525           0.580559          0.0360624         -0.086825      
4.85794           0.579016          0.035317          -0.0857566     
4.82913           0.577324          0.034561          -0.0846898     
4.79873           0.575826          0.0337922         -0.08362       
4.7668            0.573661          0.0330125         -0.0825494     
4.73335           0.571998          0.0322231         -0.081479      
4.69832           0.569632          0.0314225         -0.0804057     
4.66181           0.567539          0.0306143         -0.0793349     
4.62372           0.565181          0.029796          -0.0782607     
4.58416           0.562553          0.0289711         -0.0771884     
4.54306           0.560184          0.0281384         -0.0761151     
4.50046           0.557159          0.0272989         -0.0750415     
4.45638           0.554563          0.0264544         -0.0739698     
4.41076           0.55139           0.0256034         -0.072896      
4.36371           0.548349          0.0247493         -0.0718255     
4.31514           0.545176          0.0238902         -0.0707535     
4.26512           0.541649          0.0230286         -0.0696838     
4.21363           0.53841           0.0221644         -0.0686149     
4.16067           0.534557          0.021298          -0.0675463     
4.1063            0.531045          0.0204314         -0.0664809     
4.05045           0.527082          0.0195632         -0.0654148     
3.9932            0.523129          0.0186965         -0.0643528     
3.93451           0.519149          0.0178299         -0.0632908     
3.87442           0.514763          0.0169654         -0.0622318     
3.81292           0.510671          0.0161035         -0.0611752     
3.75002           0.506021          0.015244          -0.0601198     
3.68576           0.501625          0.0143891         -0.0590689     
3.62009           0.496891          0.0135378         -0.0580185     
3.5531            0.492071          0.0126925         -0.056973      
3.48473           0.487301          0.0118524         -0.0559293     
3.41502           0.482104          0.011019          -0.0548891     
3.34399           0.477176          0.0101931         -0.053853      
3.27162           0.471776          0.00937446        -0.0528191     
3.19797           0.466525          0.00856513        -0.0517906     
3.123             0.461052          0.0077643         -0.0507644     
3.04677           0.455425          0.00697401        -0.0497439     
2.96924           0.44988           0.00619354        -0.0487259     
2.89046           0.443888          0.00542455        -0.0477131     
2.81045           0.438237          0.00466761        -0.0467054     
2.72917           0.43203           0.00392247        -0.0457009     
2.64671           0.426064          0.00319132        -0.0447036     
2.56299           0.419833          0.00247291        -0.043709      
2.47812           0.413441          0.00176952        -0.0427215     
2.39205           0.4072            0.0010806         -0.0417383     
2.3048            0.400473          0.000407141       -0.0407607     
2.21642           0.394075          -0.000249882      -0.0397897     
2.12687           0.387204          -0.000890949      -0.0388229     
2.03623           0.380475          -0.00151409       -0.0378641     
1.94444           0.373589          -0.00212021       -0.0369097     
1.85158           0.366467          -0.00270601       -0.0359608     
1.75763           0.359504          -0.00327097       -0.035015      
1.66261           0.352088          -0.0038166        -0.0340753     
1.56655           0.344939          -0.00434188       -0.0331435     
1.46943           0.337417          -0.00484728       -0.0322169     
1.37131           0.329948          -0.00533118       -0.0312991     
1.27217           0.322412          -0.0057942        -0.0303869     
1.17205           0.314611          -0.00623513       -0.0294829     
1.07096           0.307009          -0.00665385       -0.0285863     
0.968894          0.298994          -0.00705013       -0.0276965     
0.865913          0.29119           -0.00742296       -0.0268158     
0.761979          0.283106          -0.00777285       -0.0259414     
0.657164          0.274995          -0.00809849       -0.0250764     
0.551438          0.2669            -0.0084003        -0.0242186     
0.444847          0.258506          -0.00867749       -0.0233695     
0.337402          0.250324          -0.00892981       -0.0225291     
0.229102          0.241771          -0.00915728       -0.0216963     
0.120003          0.233377          -0.00935899       -0.0208737     
0.0100737         0.224787          -0.00953542       -0.0200584     
-0.100622         0.216086          -0.00968247       -0.0192493     
-0.212102         0.20745           -0.00980258       -0.0184475     
-0.324329         0.198506          -0.00989616       -0.017655      
-0.437281         0.189777          -0.00996292       -0.0168725     
-0.550969         0.180719          -0.0100031        -0.0160981     
-0.665331         0.171767          -0.0100159        -0.0153347     
-0.780395         0.162709          -0.0100019        -0.0145796     
-0.896104         0.153495          -0.00996032       -0.0138352     
-1.01246          0.14442           -0.00989146       -0.0131003     
-1.12945          0.135025          -0.00979515       -0.0123752     
-1.24703          0.125835          -0.00967113       -0.0116611     
-1.36521          0.116379          -0.00951971       -0.0109559     
-1.48394          0.106974          -0.00934043       -0.0102625     
-1.60324          0.0975367         -0.00913366       -0.00957846    
-1.72306          0.087904          -0.00889916       -0.00890554    
-1.84339          0.0784092         -0.00863079       -0.00823493    
-1.96422          0.0686065         -0.00833368       -0.00757298    
-2.0855           0.0589785         -0.00800878       -0.00692282    
-2.20726          0.049157          -0.0076564        -0.00628232    
-2.32943          0.0393301         -0.0072764        -0.00565409    
-2.45203          0.029539          -0.0068691        -0.00503597    
-2.57502          0.0195203         -0.00643452       -0.00442948    
-2.69838          0.00971291        -0.00597282       -0.00383449    
-2.82211          -0.000394458      -0.00548426       -0.00325006    
-2.94616          -0.0103292        -0.00496891       -0.00267825    
-3.07054          -0.0204145        -0.00442709       -0.00211666    
-3.1952           -0.0305387        -0.00385894       -0.0015679     
-3.32016          -0.04057          -0.00326477       -0.00103013    
-3.44536          -0.0509047        -0.00263147       -0.000482676   
-3.5708           -0.0610412        -0.00196572       6.3429e-05     
-3.69646          -0.0714433        -0.0012745        0.000598735    
-3.82231          -0.0817056        -0.000558128      0.00112097     
-3.94835          -0.0920544        0.000183091       0.0016325      
-4.07454          -0.102482         0.000948755       0.00213112     
-4.20087          -0.112775         0.00173853        0.002618       
-4.32732          -0.123302         0.00255202        0.0030929      
-4.45386          -0.133627         0.00338879        0.00355491     
-4.58049          -0.144149         0.0042485         0.00400562     
-4.70716          -0.154586         0.00513058        0.0044429      
-4.83389          -0.165037         0.00603474        0.00486867     
-4.96062          -0.175606         0.00696345        0.00528651     
-5.08735          -0.186032         0.00791717        0.00569845     
-5.21407          -0.196664         0.00889155        0.0060982      
-5.34073          -0.207119         0.00988595        0.00648457     
-5.46735          -0.21771          0.0109            0.0068592      
-5.59387          -0.228256         0.0119331         0.00722017     
-5.72031          -0.238764         0.0129847         0.00756906     
-5.84661          -0.249388         0.0140541         0.00790478     
-5.97277          -0.259848         0.0151409         0.0082275      
-6.09879          -0.270478         0.0162446         0.0085378      
-6.2246           -0.28096          0.0173642         0.00883435     