AOA	CL	CD	CM
-7.695            -0.609059         0.0483872         0.0997251      
-7.94569          -0.625961         0.0520017         0.100452       
-8.19445          -0.642467         0.0556493         0.101068       
-8.44115          -0.65877          0.0593229         0.101576       
-8.68561          -0.674898         0.0630132         0.101973       
-8.9277           -0.69053          0.0667125         0.10226        
-9.16729          -0.706199         0.0704132         0.10244        
-9.40421          -0.721231         0.074096          0.10254        
-9.63835          -0.736133         0.0777629         0.102532       
-9.86948          -0.750623         0.0814036         0.102412       
-10.0976          -0.764719         0.0850124         0.102186       
-10.3224          -0.778803         0.0885793         0.101849       
-10.5438          -0.79211          0.0920961         0.101402       
-10.7618          -0.805506         0.0955568         0.100854       
-10.9761          -0.818224         0.098957          0.100231       
-11.1867          -0.830773         0.102285          0.0995028      
-11.3934          -0.842944         0.10553           0.0986658      
-11.5961          -0.854595         0.108687          0.0977235      
-11.7946          -0.866141         0.111746          0.0966751      
-11.9889          -0.876975         0.114702          0.0955206      
-12.1788          -0.887713         0.117546          0.0942629      
-12.3642          -0.897824         0.120314          0.0930539      
-12.545           -0.907579         0.122965          0.0917661      
-12.7211          -0.917031         0.125482          0.0903725      
-12.8924          -0.92585          0.127863          0.0888759      
-13.0588          -0.934542         0.1301            0.0872768      
-13.2201          -0.942521         0.132187          0.0855752      
-13.3764          -0.950304         0.134121          0.0837743      
-13.5274          -0.957521         0.135893          0.0818719      
-13.6731          -0.964285         0.137509          0.0798916      
-13.8134          -0.970763         0.138957          0.0778201      
-13.9482          -0.976555         0.140233          0.0756526      
-14.0775          -0.982179         0.141334          0.0733901      
-14.2011          -0.987075         0.142256          0.0710326      
-14.3191          -0.991723         0.142996          0.0685841      
-14.4312          -0.995818         0.143552          0.0660431      
-14.5375          -0.99942          0.143922          0.0634138      
-14.6378          -1.00271          0.144105          0.0606962      
-14.7321          -1.00532          0.144098          0.057892       
-14.8204          -1.00647          0.143865          0.0552458      
-14.9026          -1.00661          0.143438          0.0525884      
-14.9787          -1.00652          0.14283           0.0498384      
-15.0485          -1.00588          0.14204           0.0469955      
-15.1121          -1.00489          0.141072          0.0440634      
-15.1694          -1.00353          0.139925          0.0410438      
-15.2203          -1.0017           0.138598          0.037933       
-15.2649          -0.999285         0.137097          0.034739       
-15.303           -0.997475         0.135496          0.0314621      
-15.3347          -0.995113         0.13376           0.0281021      
-15.36            -0.992647         0.131844          0.0246637      
-15.3787          -0.989478         0.129749          0.0211442      
-15.391           -0.985864         0.127481          0.0175496      
-15.3966          -0.981933         0.125041          0.0138784      
-15.3957          -0.977239         0.122436          0.0101343      
-15.3883          -0.972426         0.119669          0.00631915     
-15.3742          -0.96681          0.116746          0.00243364     
-15.3536          -0.960994         0.113674          -0.00151658    
-15.3265          -0.954618         0.110462          -0.00554076    
-15.2928          -0.947761         0.107117          -0.00962623    
-15.2526          -0.940695         0.103641          -0.0137666     
-15.206           -0.932927         0.100044          -0.0179566     
-15.153           -0.925116         0.0963353         -0.022191      
-15.0936          -0.916641         0.0925219         -0.0264679     
-15.028           -0.907983         0.0886153         -0.0307801     
-14.9561          -0.898909         0.084621          -0.0351278     
-14.8781          -0.889338         0.0805491         -0.0395058     
-14.794           -0.87959          0.0764055         -0.0439144     
-14.7037          -0.869125         0.0721972         -0.0483524     
-14.6074          -0.858522         0.0679318         -0.052818      
-14.5049          -0.847249         0.0636197         -0.0573231     
-14.3965          -0.835659         0.0592684         -0.0618607     
-14.282           -0.823663         0.0548808         -0.0664282     
-14.1615          -0.81111          0.0504665         -0.0710219     
-14.0352          -0.798398         0.0460331         -0.0756404     
-13.9029          -0.78504          0.0415891         -0.0802814     
-13.7649          -0.771569         0.0371448         -0.0849407     
-13.6212          -0.757569         0.0327078         -0.0896168     
-13.4719          -0.743331         0.0282891         -0.0943042     
-13.3171          -0.728781         0.0238966         -0.0990014     
-13.1568          -0.714593         0.0195436         -0.103703      
-12.9913          -0.700581         0.0152292         -0.108406      
-12.8205          -0.686134         0.0109593         -0.113108      
-12.6446          -0.671662         0.00674294        -0.117803      
-12.4637          -0.656853         0.00258661        -0.12249       
-12.278           -0.641885         -0.00150039       -0.127163      
-12.0876          -0.626794         -0.005512         -0.13182       
-11.8925          -0.611372         -0.00944026       -0.136458      
-11.6929          -0.594739         -0.0130972        -0.14082       
-11.489           -0.57726          -0.0165744        -0.145058      
-11.2809          -0.559735         -0.0199242        -0.149254      
-11.0686          -0.541921         -0.0231408        -0.153406      
-10.8524          -0.523955         -0.0262168        -0.157508      
-10.6324          -0.505873         -0.0291485        -0.161562      
-10.4088          -0.487416         -0.0319293        -0.165563      
-10.1816          -0.469119         -0.0345535        -0.169506      
-9.95113          -0.450428         -0.0370177        -0.173391      
-9.71742          -0.431782         -0.0393168        -0.177214      
-9.48062          -0.412917         -0.0414398        -0.180948      
-9.24094          -0.393933         -0.0433901        -0.184613      
-8.99851          -0.374985         -0.0451661        -0.188209      
-8.7535           -0.355766         -0.0467649        -0.191732      
-8.50608          -0.33673          -0.0481846        -0.19518       
-8.25638          -0.317393         -0.0494246        -0.198553      
-8.00461          -0.298179         -0.0504826        -0.201846      
-7.75089          -0.278909         -0.0513593        -0.205059      
-7.49543          -0.259485         -0.0519922        -0.208009      
-7.23838          -0.240257         -0.0524403        -0.210865      
-6.9799           -0.220787         -0.0527065        -0.213632      
-6.72018          -0.201589         -0.0527917        -0.216307      
-6.45936          -0.182236         -0.0526985        -0.218889      
-6.19765          -0.163024         -0.0524281        -0.221376      
-5.93519          -0.143894         -0.051984         -0.223767      
-5.67217          -0.124682         -0.0513555        -0.226026      
-5.40875          -0.105755         -0.0505563        -0.228179      
-5.1451           -0.0866936        -0.0495932        -0.230232      
-4.88142          -0.0679386        -0.0484701        -0.232181      
-4.61784          -0.0491939        -0.0471921        -0.234028      
-4.35457          -0.0306038        -0.0457638        -0.23577       
-4.09175          -0.0122135        -0.0441884        -0.237403      
-3.82957          0.00626069        -0.0424525        -0.238902      
-3.56817          0.0243953         -0.0405827        -0.240294      
-3.30774          0.0425493         -0.0385855        -0.241578      
-3.04849          0.0603128         -0.036467         -0.24275       
-2.79053          0.0779047         -0.0342346        -0.243815      
-2.53402          0.0954458         -0.0318951        -0.244769      
-2.27914          0.112574          -0.0294517        -0.245603      
-2.02604          0.129651          -0.0269127        -0.246317      
-1.77492          0.146321          -0.024289         -0.246919      
-1.52589          0.162784          -0.0215883        -0.24741       
-1.27916          0.179064          -0.0188187        -0.247788      
-1.03486          0.194837          -0.0159881        -0.248055      
-0.79311          0.210646          -0.0131047        -0.248212      
-0.554095         0.225528          -0.0101466        -0.248037      
-0.31794          0.240276          -0.0071527        -0.247751      
-0.0848629        0.254603          -0.00413179       -0.247352      
0.145077          0.268527          -0.00109147       -0.246846      
0.371682          0.282437          0.00195972        -0.24623       
0.594812          0.295554          0.00501363        -0.245504      
0.814368          0.308756          0.00806295        -0.244667      
1.03017           0.32126           0.0111001         -0.243706      
1.24215           0.333593          0.0141167         -0.242641      
1.45011           0.345538          0.0171043         -0.241469      
1.65397           0.356954          0.0200558         -0.240194      
1.85357           0.368262          0.0229634         -0.238814      
2.04879           0.378845          0.0258198         -0.23733       
2.23954           0.389329          0.0286184         -0.235746      
2.42566           0.399078          0.0313502         -0.234005      
2.60708           0.408473          0.034011          -0.232167      
2.78365           0.417562          0.0365934         -0.230231      
2.95529           0.42601           0.0390919         -0.228198      
3.12189           0.434332          0.0415006         -0.226071      
3.28334           0.441931          0.0438134         -0.22385       
3.43956           0.449335          0.0460258         -0.221537      
3.59042           0.456167          0.0481318         -0.219132      
3.73587           0.462488          0.0501245         -0.216625      
3.8758            0.46852           0.0520021         -0.214029      
4.01013           0.473864          0.0537612         -0.211348      
4.13879           0.479042          0.0553981         -0.208583      
4.26166           0.483488          0.056909          -0.205736      
4.37873           0.487692          0.0582918         -0.202809      
4.48987           0.491341          0.0595429         -0.199802      
4.59506           0.494501          0.0606611         -0.19672       
4.6942            0.49735           0.0616439         -0.193562      
4.78725           0.499518          0.0624898         -0.190332      
4.87414           0.501392          0.0631955         -0.187024      
4.95483           0.502612          0.0637628         -0.183647      
5.02928           0.503552          0.0641919         -0.180205      
5.09741           0.503886          0.064482          -0.176698      
5.15922           0.503808          0.0646345         -0.173129      
5.21467           0.503313          0.0646501         -0.169501      
5.26363           0.502288          0.0645275         -0.165811      
5.30618           0.500627          0.0642711         -0.162068      
5.34226           0.498928          0.0638821         -0.158271      
5.37182           0.496292          0.0633618         -0.154422      
5.39488           0.493557          0.0627141         -0.150524      
5.41134           0.49012           0.0619398         -0.146577      
5.42126           0.486244          0.061044          -0.142586      
5.42458           0.482056          0.0600288         -0.138551      
5.42131           0.477109          0.0588987         -0.134475      
5.41144           0.472051          0.0576579         -0.13036       
5.39495           0.466194          0.0563104         -0.126207      
5.37189           0.460146          0.0548626         -0.122023      
5.34224           0.453539          0.053318          -0.117805      
5.30608           0.446451          0.0516845         -0.113562      
5.26341           0.439166          0.0499673         -0.109295      
5.2143            0.431192          0.0481737         -0.105009      
5.15883           0.423188          0.0463109         -0.100711      
5.09704           0.414533          0.0443852         -0.0964021     
5.02903           0.405708          0.042405          -0.092089      
4.95481           0.396482          0.0403756         -0.0877719     
4.87448           0.386774          0.0383051         -0.0834557     
4.78805           0.376903          0.0361989         -0.0791404     
4.69555           0.36633           0.0340635         -0.0748271     
4.59702           0.355619          0.0319059         -0.0705157     
4.49246           0.344249          0.0297311         -0.0662056     
4.38194           0.332575          0.027547          -0.0619007     
4.26546           0.320509          0.0253588         -0.0575994     
4.14309           0.3079            0.0231746         -0.0533054     
4.01488           0.295143          0.021001          -0.04902       
3.88089           0.281757          0.0188453         -0.0447452     
3.74123           0.268272          0.0167156         -0.0404851     
3.59593           0.254272          0.0146185         -0.036241      
3.44514           0.240049          0.0125625         -0.0320181     
3.28892           0.225528          0.0105542         -0.0278177     
3.12739           0.210614          0.00860157        -0.0236445     
2.96065           0.195593          0.00671148        -0.0195012     
2.78881           0.180097          0.00489089        -0.0153907     
2.612             0.16453           0.00314702        -0.0113174     
2.43031           0.148585          0.00148584        -0.00728247    
2.24389           0.132439          -8.56033e-05      -0.00329111    
2.05284           0.116128          -0.00156179       0.000655597    
1.85731           0.0994366         -0.0029353        0.00455555     
1.65741           0.0827005         -0.00419803       0.00840947     
1.45327           0.0655663         -0.00534831       0.0122104      
1.24504           0.0484036         -0.00638088       0.0159543      
1.03285           0.0309724         -0.00729146       0.0196398      
0.816861          0.0134079         -0.00807539       0.0232624      
0.597164          -0.0042546        -0.00872943       0.0268229      
0.373937          -0.0222706        -0.00924963       0.0303167      
0.147342          -0.0401141        -0.0096327        0.0337406      
-0.0824999        -0.05833          -0.00987615       0.037094       
-0.315414         -0.0765104        -0.00997329       0.0403786      
-0.551289         -0.0949303        -0.00991817       0.0435996      
-0.789931         -0.113453         -0.00971649       0.0467426      
-1.03121          -0.13193          -0.00936721       0.0498071      
-1.27495          -0.15066          -0.00886946       0.0527898      
-1.521            -0.169199         -0.00822288       0.055689       
-1.76923          -0.188024         -0.00742758       0.0585045      
-2.01942          -0.206718         -0.00648392       0.061232       
-2.27146          -0.225494         -0.00538313       0.0638866      
-2.52515          -0.24447          -0.00410851       0.0664903      
-2.78035          -0.263245         -0.00268789       0.0690033      
-3.03689          -0.28225          -0.00112338       0.0714239      
-3.29459          -0.300981         0.000582467       0.0737496      
-3.55332          -0.319859         0.00242689        0.0759809      
-3.81287          -0.338592         0.00440642        0.0781143      
-4.07311          -0.357242         0.00651807        0.0801513      
-4.33385          -0.37598          0.00877017        0.0821077      
-4.59494          -0.39443          0.0111458         0.083964       
-4.85622          -0.413008         0.0136404         0.0857197      
-5.1175           -0.431283         0.0162486         0.0873721      
-5.37863          -0.449544         0.0189654         0.0889222      
-5.63944          -0.467651         0.0217847         0.0903673      
-5.89977          -0.485638         0.0247344         0.0917585      
-6.15946          -0.503902         0.0278896         0.0932145      
-6.41835          -0.521834         0.0311311         0.0945657      
-6.67628          -0.539785         0.0344523         0.0958111      
-6.93303          -0.557354         0.0378448         0.0969469      
-7.18852          -0.574755         0.0413025         0.0979765      
-7.44256          -0.592107         0.0448176         0.0988986      