edge,flap,tors
0.0,0.0,0.0
0.0,0.0,0.0
3.218038389801966e-09,2.3155597204696907e-05,1.2186741622174718e-06
5.758826457396417e-09,0.00010274084848954045,4.998382086807383e-06
9.475733886075228e-09,0.0002372742853601966,1.121238551163142e-05
1.6045600618851908e-08,0.0004223247372387467,1.9693493686452544e-05
2.6836809640039704e-08,0.0006540633198275288,3.0280529718708318e-05
4.3312415238088244e-08,0.0009291090595930836,4.2815952846064965e-05
6.702245290042729e-08,0.0012444002077751791,5.7144702410680896e-05
9.954772942317297e-08,0.0015971391221633214,7.311400927705763e-05
1.4244681733024102e-07,0.0019847585701348192,9.057345736574501e-05
1.9720994979403616e-07,0.0024048953627832,0.000109375114852615
2.6521780338278617e-07,0.002855368168154259,0.00012937369611900612
3.4770319054288375e-07,0.0033341585286507697,0.00015042674289915178
4.4571435302064786e-07,0.003839394540015572,0.00017239481824432812
5.600791434098396e-07,0.004369336776510269,0.00019514170830776373
6.913698433252028e-07,0.004922366117227739,0.0002185346276846264
8.398687190661268e-07,0.005496973182384226,0.00024244442461611286
1.0055346877986698e-06,0.006091749133228651,0.0002667457828671198
1.1879716808390017e-06,0.00670537762699766,0.00029131741753138737
1.3863994607120154e-06,0.0073366277503265935,0.00031604226241437896
1.5996277856605917e-06,0.007984347781617978,0.0003408076469984515
1.8260349262022406e-06,0.008647459655829864,0.00036550546131216665
2.063551627849552e-06,0.009324954024614921,0.00039003230730997245
2.309651685243972e-06,0.010015885821253004,0.00041428963562411105
2.561350347618899e-06,0.010719370253827853,0.0004381838667803482
2.8152118148648787e-06,0.011434579161983961,0.0004616264961760272
3.0673671081482995e-06,0.01216073768268452,0.000484534182305456
3.313543609404489e-06,0.01289712117894788,0.0005068288178858319
3.5491075601969156e-06,0.013643052392798864,0.0005284375836886741
3.76912079251254e-06,0.014397898789828289,0.0005492929850186355
3.968412932033844e-06,0.015161070067973775,0.0005693328709051973
4.141670268395116e-06,0.01593201580755851,0.0005885004361839379
4.283542426964318e-06,0.016710223243372214,0.0006067442067443975
4.388767903012055e-06,0.017495215142749498,0.0006240180083114482
4.452359208234109e-06,0.018286547818542203,0.0006402749848804734
4.470034929052346e-06,0.01908380952202134,0.0006554266669303341
4.437731164938199e-06,0.01988661941456697,0.0006694385648681196
4.35213694226052e-06,0.020694638340142565,0.0006822824713694903
4.210953289328492e-06,0.021507555799226162,0.0006939355422269167
4.013154093336535e-06,0.02232508657940649,0.0007043801575180935
3.759268287732537e-06,0.023146968834752785,0.000713603791341255
3.451685724274185e-06,0.023972962391341453,0.0007215988695852381
3.0949869102533867e-06,0.024802847120173156,0.0007283626151066657
2.6962963522947283e-06,0.025636421355535684,0.0007338968810748751
2.2654525433374876e-06,0.0264734996642045,0.000738141589382847
1.8156757265648372e-06,0.027313911899289067,0.0007410405022463323
1.3641695637716119e-06,0.028157521789684854,0.0007426061616586305
9.323877285528716e-07,0.02900422747402125,0.0007428569109899671
5.465419356449705e-07,0.029853941368335624,0.0007418156184773861
2.3810740909419033e-07,0.030706586134474533,0.000739509410046398
4.434236809832277e-08,0.03156209295482346,0.0007359694188499471
8.822665760560392e-09,0.0324204001281848,0.0007312305290164266
1.818673728432561e-07,0.03328145436990738,0.0007254126763875082
6.209880988186292e-07,0.034145204885262216,0.0007185647219860174
1.391551619974766e-06,0.035011577091892954,0.0007107295703909645
2.5673246842159254e-06,0.03588049271945082,0.0007019521564630254
4.2310275276950865e-06,0.03675187401788467,0.0006922793496377128
6.474887657095335e-06,0.0376256433463344,0.0006817597108520674
9.399843407731547e-06,0.03850149302600631,0.0006704401513490187
1.3115150351897601e-05,0.039378919068243076,0.0006583664492755582
1.7742607197521555e-05,0.04025783490188152,0.0006455910698327823
2.34157265818488e-05,0.041138197860267296,0.0006321675019044919
3.0280110140157633e-05,0.042019962700628834,0.0006181497488022039
3.849392170715828e-05,0.04290307553538752,0.000603592077222018
4.817735525420459e-05,0.043780685630138996,0.0005883699022566914
5.942190021502284e-05,0.04464354348524402,0.0005723132120282327
7.238737167280784e-05,0.045491607516564905,0.0005554915255234777
8.725712847439319e-05,0.04632573578403503,0.0005379785907661237
0.00010423199985261567,0.04714682247104341,0.0005198494368743369
0.00012352865237098755,0.04795443188463826,0.0005011389474514064
0.00014536563651128314,0.048737775214686856,0.000481566231223545
0.00016999186136072302,0.04949711318599453,0.00046122477754454176
0.00019769470905108073,0.05023367696163933,0.00044021180850889344
0.00022878816253516876,0.0509487338819395,0.000418628005550765
0.0002636427816441802,0.05164242797095751,0.0003967073889288457
0.0003026669836332276,0.05231467339847591,0.000374689248971084
0.0003462677357839338,0.0529665307484409,0.0003526623774909086
0.0003948810940860778,0.05359905643610875,0.0003307124240778244
0.0004489426956364645,0.05421131569465616,0.00030900152438603567
0.0005088905349215613,0.054801314108305625,0.00028771635362065677
0.0005751720898921222,0.05536609071696468,0.00026689169707592525
0.0006482507281668637,0.05590268397581436,0.0002465608497953314
0.0007285627882349557,0.0564067305030449,0.00022674784743625638
0.0008166156962554321,0.05687659326904866,0.00020749527544260154
0.0009127995109874614,0.057303380069562926,0.0001888750721776102
0.0010166510367647045,0.057683271850038395,0.00017094420615616372
0.0011246850373226424,0.058004038999416405,0.00015376170749838627
0.0012365582757510075,0.058261539802963294,0.00013738645552744286
0.0013519864996177186,0.05845235855746362,0.00012186763201837827
0.0014703706964668698,0.058562771902905486,0.00010731005509548318
0.0015913979218434924,0.05859190696727521,9.378254837679886e-05
0.0017148132421606992,0.05854014833806447,8.130096061836419e-05
0.0018404600999644982,0.05840940259120974,6.98109725418335e-05
0.0019680206007535858,0.05819827016673853,5.9075445301941316e-05
0.0020966153194996845,0.057891827389053095,4.903364016952351e-05
0.0022250216365227705,0.05747003291296128,3.9734430471150834e-05
0.002352306992494938,0.05692354205069305,3.1290852631353637e-05
0.002478534695726808,0.05626514691198272,2.3836566864631095e-05
0.0026042758006284195,0.055514558322115826,1.7465660709421296e-05
0.002728164808117597,0.054686414821786614,1.2153299622998348e-05
0.002849842900583357,0.05378442712105053,7.86220066356683e-06
0.002968949816435099,0.05281193570939175,4.550750511366201e-06
0.003085084900932099,0.051771690296416185,2.174029343299113e-06
0.0031979223050525403,0.05066758112716933,6.859472457063141e-07
0.003307025641853137,0.049501790174896185,3.780524786306891e-08
0.0034116108535424358,0.04827181881556288,1.83929444701975e-07
0.0035113195486277727,0.046981733659582976,1.0844787213440406e-06
0.00360559840727916,0.045632562429157614,2.7129239676438934e-06
0.0036940581267234677,0.04422802197140913,5.048803118778038e-06
0.003777445871612516,0.04278433254148857,8.080698885994252e-06
0.003855943226259281,0.04130997159309642,1.1798156752399577e-05
0.003931103766029232,0.03982732364797571,1.6101609297042162e-05
0.004002749002960555,0.03833885723065663,2.0916635076113305e-05
0.0040698964784381675,0.03684011864700971,2.6138318895253584e-05
0.00413109259119453,0.035322686956929264,3.1761372746476686e-05
0.004185266273288404,0.03378333687012987,3.777699210115642e-05
0.004230713442260112,0.03221469320862411,4.418552112024784e-05
0.004267149226163393,0.03062250528313215,5.0745014841429046e-05
0.004294047191949327,0.029010339823777126,5.721079085349361e-05
0.0043103155899417095,0.02737781390217718,6.334984550431926e-05
0.00431567043389729,0.0257315845729265,6.903817874941646e-05
0.004307876009830893,0.024065784282755517,7.440824572412522e-05
0.004285591835726383,0.02238221421350682,7.951945641666242e-05
0.004247318573285766,0.020682589684091094,8.425665063451741e-05
0.0041899855068385635,0.018961486428123307,8.840987863011224e-05
0.0041122511939300915,0.017225704034572627,9.172601704073542e-05
0.0040090236799622475,0.015465323383209542,9.312957338731969e-05
0.0038818877221141242,0.013703540705667221,9.276270432563341e-05
0.003738652552928296,0.011981343758771254,9.15668328508294e-05
0.0035793747644423156,0.01031234517307555,8.955501070014324e-05
0.003404326468554652,0.008711658427229462,8.67469632135395e-05
0.003214351324331058,0.007196323363982274,8.317391389758701e-05
0.003010376580243265,0.005782138018678297,7.887607852429446e-05
0.002793572422052733,0.00448491219372467,7.390737155994492e-05
0.002566865295232556,0.003324939997565804,6.833632873371114e-05
0.002332257487553913,0.0023168705382232576,6.22464011340895e-05
0.002092086267241948,0.0014746055442249866,5.5738879550708396e-05
0.0018512656805720951,0.0008143143999863322,4.8930452599478e-05
0.001612210027230634,0.0003442385083938531,4.195299311228204e-05
0.0013800717371448802,7.275900614356336e-05,3.495394818969431e-05
0.0011598795361997876,2.1040126231073e-06,2.8094267685139353e-05
0.0009535657146848811,0.00012934041540578118,2.1553184638388914e-05
0.0007630203491870258,0.00045039723656234936,1.552225526689902e-05
0.0005926430043210903,0.0009547004172023404,1.0199778464226568e-05
0.0004446059207543975,0.0016268045310102487,5.787287674025568e-06
0.0003188052626478914,0.0024522972775792968,2.489146605756976e-06
0.00021490916869366575,0.0034167576103613538,5.071174357452252e-07
0.0001324002710857428,0.004505807705913973,3.5588698589091726e-08
7.059166393243404e-05,0.005705203392086654,1.2591879978825532e-06
2.8643722345724217e-05,0.007000918425320104,4.350585752739521e-06
5.5546346794732765e-06,0.008380590848263465,9.464185024605749e-06
3.426225826267878e-07,0.009832927960159683,1.6731765933011486e-05
1.2036014098860137e-05,0.011345474067084678,2.627000468187252e-05
3.956448174947126e-05,0.012906094465395354,3.817775604615565e-05
8.177352971861627e-05,0.014503061822944233,5.253457823003059e-05
0.00013744037003384462,0.016125102912318726,6.939968263925936e-05
0.00020528963603951285,0.017761437774500954,8.88110955660551e-05
0.0002840087227951797,0.01940181235326306,0.00011078502673975667
0.00037226257702696727,0.021036524900049775,0.00013531544854322692
0.00046870778235045125,0.02265644646983879,0.0001623738878641913
0.0005720816567041636,0.024253714873209563,0.00019190593607836787
0.000681510362829347,0.0258240008886552,0.00022381837705512712
0.0007957970866372958,0.027360027600764177,0.000258013058735273
0.0009137549708406854,0.028854968450221924,0.00029437363575583747
0.0010342227641628003,0.030302527487519455,0.0003327644525511287
0.00115607368393865,0.03169694258913449,0.0003730313821630538
0.001278223303778211,0.033032983498767335,0.0004150028907865956
0.001399636546261279,0.034305946720752344,0.0004584912508605315
0.001519333766324378,0.03551164762426138,0.0005032938884822161
0.001636395922064202,0.0366464100686689,0.0005491948518843897
0.0017499688416322502,0.03770705385031762,0.0005959663868921581
0.0018592666056608074,0.038690880259459985,0.0006433706045680681
0.0019635740741514316,0.03959565602277268,0.0006911612257089311
0.002062248594952077,0.04041959589195576,0.0007390853864799725
0.002154720937850843,0.041161344122931064,0.0007868854892576605
0.002240495503950111,0.0418199550734045,0.0008343010826974374
0.0023191498643985553,0.04239487312936521,0.0008810707551402683
0.0023903336858121875,0.042885912153748984,0.000926934025715161
0.00245376710188124,0.04329323463322309,0.0009716332178745801
0.0025092385918218706,0.04361733068206945,0.0010149153006063054
0.002556602426578949,0.04385899704561512,0.0010565336831882325
0.002595775743114453,0.04401931622972876,0.0010962499500805883
0.0026267353058207384,0.04409963586767622,0.0011338355233715394
0.002649514012177156,0.044101548421195264,0.0011690732410949952
0.0026641971973169285,0.04402687129906722,0.0012017588407118962
0.0026709187892816747,0.04387762746377856,0.0012317023380759063
0.00266985736350195,0.04365602658509439,0.0012587292932796652
0.0026612321415368668,0.04336444678852586,0.0012826819558866157
0.002645298975411632,0.043005417036749795,0.0013034202831851225
0.0026223463550797735,0.042581600173025196,0.0013208228262443582
0.0025926914726714296,0.04209577664751544,0.0013347874796960607
0.002556676373327361,0.041550828940140484,0.0013452320923021679
0.002514664218610997,0.04094972668710968,0.0013520949364865566
0.002467035684781387,0.04029551251258268,0.0013553350361017057
0.002414185514635079,0.03959128856193011,0.0013549323527597553
0.0023565192382154483,0.03884020372876787,0.0013508878320753724
0.0022944500744679205,0.03804544156427586,0.0013432233121390934
0.002228396022908094,0.03721020885423266,0.0013319812974584954
0.0021587771515804025,0.036337724846657954,0.0013172246024660355
0.0020860130850262988,0.035431211110907156,0.0012990358694929078
0.0020105206936583465,0.03449388200746307,0.0012775169668441983
0.0019327119838504156,0.03352893574647498,0.001252788273279403
0.001852992186202088,0.03253954601226562,0.0012249878558023355
0.001771825004815898,0.031529245335568716,0.0011942661544039827
0.0016901038564302142,0.030504161875106312,0.0011607597965766557
0.0016081628730110974,0.0294672557986831,0.0011246555806652156
0.001526309909001911,0.028421340295883977,0.0010861578758878858
0.0014448367498760425,0.027369152381477597,0.0010454834746419204
0.0013640190630634216,0.026313350880493563,0.001002860083594847
0.0012841162570319442,0.025256512921238247,0.0009585249107683033
0.0012053714428854896,0.024201130756575664,0.0009127232228954774
0.0011280114908171315,0.023149608938879265,0.0008657068784594721
0.0010522471700192251,0.02210426182779064,0.0008177328457463169
0.0009782733610981871,0.021067311410024606,0.0007690617151658312
0.0009062693306249068,0.02004088541181463,0.000719956214848938
0.0008363990580732836,0.019027015685970306,0.0006706797382347279
0.0007688116060472028,0.018027636856877898,0.0006214948920228602
0.0007036415253607174,0.0170445852081043,0.0005726620724900892
0.0006410092872087343,0.016079597798556368,0.0005244380777586591
0.0005810217353390948,0.015134311794393066,0.0004770747631627
0.0005237725518049804,0.014210264005082388,0.00043081774639094585
0.0004695505654997791,0.01331035878423465,0.0003858822380464827
0.0004184516099179472,0.012436271019962973,0.00034249450362643373
0.0003704782193862023,0.011589007646930514,0.0003008814307812918
0.0003256228070500311,0.010769464689160015,0.0002612593468468333
0.0002838697457312181,0.00997844164178757,0.00022383233401744349
0.0002451959285014081,0.009216643248710528,0.00018879128842489397
0.00020957126723024382,0.008484681071014315,0.00015631308939293022
0.0001769591563085661,0.007783075146621037,0.0001265598598880277
0.00014731690262781308,0.007112255744911473,9.967831931232649e-05
0.00012059612273047053,0.006472565213041191,7.579922981410112e-05
9.67431083306194e-05,0.005864259910917657,5.50369367648267e-05
7.569916166291338e-05,0.00528751223216297,3.7489003527533584e-05
5.7400902345792636e-05,0.004742412708675616,2.323594013548629e-05
4.1780547641829966e-05,0.004228972196620682,1.2341025015531588e-05
2.8766168166574675e-05,0.00374712414182587,4.850218428315249e-06
1.8281921238527252e-05,0.003296726922643307,7.92165859451666e-07
1.0248264178389833e-05,0.002877566268358217,1.782891828531888e-07
4.552593523249948e-06,0.0024881946135186105,3.0030119991476665e-06
1.1081684838732594e-06,0.0021252451235979257,9.244291859829829e-06
1.6129204173253076e-09,0.0017894330794376325,1.8864194444997156e-05
1.307405126480625e-06,0.0014813947607002333,3.181127148488881e-05
5.087719172554836e-06,0.0012016723264767434,4.8020760926207634e-05
1.1392064111278788e-05,0.0009507124498484505,6.741493350518213e-05
2.0256960818663022e-05,0.000728865385233293,8.990350298563355e-05
3.170566670704116e-05,0.0005363842976132844,0.00011538408661275239
4.5747949737080234e-05,0.000373424853515505,0.00014374271267149745
6.237991308081951e-05,0.0002400450772879557,0.00017485437224277955
8.158387181691487e-05,0.00013620547592778072,0.00020858361211017294
0.00010332828305350527,6.176943530643705e-05,0.0002447851656379322
0.00012756773087049976,1.6503890182814873e-05,0.00028330461832773906
0.0001547139299554773,6.091560754504329e-08,0.00032397480491306224
0.00018484303420669812,1.2863558243425914e-05,0.00036662407182319097
0.00021799501245082153,5.5271440813779874e-05,0.0004110810851784798
0.00025419333737213245,0.00012754680760183903,0.0004571702331712532
0.00029344380058825026,0.00022985225212713407,0.0005047118493646446
0.0003357338756262725,0.0003622484582197278,0.0005535228603337526
0.00038103217003034707,0.0005246921704740466,0.0006034174398836733
0.00042928797590595954,0.0007170344053919678,0.000654207664709446
0.0004804789716748892,0.0009391670645969002,0.0007057041689605896
0.0005348894197956287,0.001192003542131532,0.0007577167953510642
0.0005924651309456543,0.0014755297372804291,0.0008100558682988888
0.0006531396118710173,0.001789648117468158,0.0008625370107133943
0.0007168247205855275,0.002134153349760505,0.0009149775251182312
0.0007834104756297435,0.002508730216309106,0.0009671969615527317
0.0008527648232166739,0.002912951163643895,0.0010190176435473455
0.0009247335458138772,0.003346274076154817,0.0010702651775825619
0.0009991403130991336,0.003808040277589398,0.0011207689428538413
0.0010757916691087953,0.004297498285634208,0.0011703625601443917
0.0011547951528540982,0.0048155547856804605,0.0012188843387062347
0.0012359350416207213,0.005361475668415839,0.0012661777621418822
0.0013189839771566617,0.005934450359068836,0.0013120960253623015
0.0014036930028909222,0.00653354405197026,0.0013564984277968976
0.0014897924337090415,0.007157696888130821,0.001399250719367128
0.001576992632228664,0.007805722033283084,0.0014402253742805628
0.0016649849586376523,0.008476304092707141,0.0014793018404359276
0.001753442885369489,0.009167997854593391,0.001516366761966408
0.0018420232749484524,0.009879227397303961,0.0015513141750902759
0.001930384861719396,0.010608487208447067,0.0015840482355529057
0.002018194193549046,0.011354419189382911,0.0016144840011934895
0.002105069515699521,0.012115111184588455,0.0016425389382780913
0.0021906209033474475,0.012888529061546224,0.001668139060455454
0.0022744500426870365,0.013672506397449722,0.0016912183002356768
0.002356152366320494,0.014464746370532772,0.0017117185514388563
0.002435261175450009,0.015262891900742223,0.0017296031995109667
0.0025113581089408715,0.016064403366661584,0.0017448314689366697
0.002584033916591888,0.01686660636311048,0.0017573686164689538
0.0026528832744238846,0.017666707532520812,0.0017671876500300746
0.0027175071942306737,0.018461800362696564,0.0017742692756401231
0.00277751557609942,0.019248871454560775,0.0017786018195984805
0.0028335008092751643,0.020029328580544247,0.0017807935387856696
0.0028861730566361135,0.020805180600466044,0.0017815052082655468
0.0029351291685271435,0.02157328933116699,0.0017806715809614295
0.0029799893176546493,0.022330614906406237,0.0017782336201405265
0.003020370163516051,0.02307393754326047,0.0017741295278751975
0.003055888983929356,0.023799873875566587,0.0017682959134968294
0.003086165846034643,0.0245048803947155,0.0017606679751084912
0.0031108259814241635,0.025185259392913224,0.0017511797701770162
0.0031295022634896183,0.025837166837968495,0.001739764537943323
0.003141837786602541,0.026456622431710413,0.0017263550814746091
0.0031471223599105203,0.02703685487170125,0.0017104952310907293
0.0031449132627281657,0.027572757806053685,0.0016920070525975584
0.0031349919581969395,0.02806060618207863,0.0016709437146058008
0.0031171695258867516,0.028496669625287373,0.001647367170866373
0.003091292377470021,0.028877279571342163,0.0016213457847851101
0.0030572444022613885,0.029198853868599783,0.001592954071662406
0.0030149492458161355,0.029457925051778973,0.0015622725262867505
0.0029643725295087388,0.029651170528546815,0.0015293874545735284
0.0029055240347295925,0.02977544471088331,0.0014943908109756807
0.002838459876231149,0.029827813032925678,0.0014573800428190292
0.0027630546600024325,0.029803715405246484,0.0014182210508542179
0.002678943188570632,0.02969644207359844,0.0013764921646690982
0.002586206631200228,0.02950272902929553,0.0013321962624079252
0.002484977759673933,0.0292195389525715,0.0012853497365525998
0.0023754607170406393,0.028844273450298875,0.0012359866645964073
0.0022579383652084617,0.028374839072175036,0.0011841607771589685
0.0021327817329193453,0.027809725512595487,0.0011299480359072557
0.0020013685283829085,0.027153918399881734,0.0010739766216787342
0.0018662767023597687,0.02642051577207643,0.0010175368275712352
0.0017282296578459999,0.025611307890369982,0.0009608030757625619
0.0015880205715435713,0.024729095789913225,0.0009039453473082582
0.001446459719930596,0.023777398692044677,0.0008471460412580906
0.001304429362483735,0.02276040112377941,0.0007905905420257094
0.001162930572059005,0.021682876907952314,0.0007344580818388612
0.001023083552162086,0.020551171497095413,0.0006789362995254098
0.0008860842267781826,0.019372168901531105,0.0006242147843569376
0.0007531824644959341,0.018152638991809633,0.000570481736276683
0.0006257253658085696,0.016900011705593996,0.0005179285533168021
0.0005051631200342268,0.01562234191274906,0.0004667491646877916
0.0003933965460581984,0.014333641832039294,0.0004171399110260377
0.00029206832502793375,0.013043840188142806,0.0003692994067514598
0.00020282667993061441,0.011761981218688,0.0003234320791231152
0.0001274178946076079,0.010497440843078675,0.00027974430796438594
6.802190468129959e-05,0.009268251898610805,0.00023844305638693212
2.6236209864474046e-05,0.008083286745345091,0.0001997354810214613
3.657581828256212e-06,0.006950773420239096,0.00016383375434895676
1.8374078441813875e-06,0.005885997028918804,0.00013094413008182137
2.16557709500375e-05,0.004901509060920718,0.0001012708749683009
6.363714976262667e-05,0.004000953685925638,7.502232792801359e-05
0.0001281875551255018,0.003187431384234471,5.240261136930166e-05
0.00021558718147614072,0.00246350084249211,3.360452999366904e-05
0.00032448185589445335,0.0018370667065792338,1.8809010443119076e-05
0.00045306715612269017,0.0013092333854270873,8.181969137312985e-06
0.0005998798614450392,0.0008765952059330106,1.8746815980566963e-06
0.0007633480067928439,0.0005353971593064444,1.814397165674708e-08
0.0009417983869397537,0.0002816488921809815,2.7198066258432713e-06
0.0011334740152029506,0.00011116276067948868,1.0062640874781701e-05
0.0013365521420997367,1.958933207504765e-05,2.2104405620762822e-05
0.0015491624145459427,2.451564300325956e-06,3.887705991683107e-05
0.0017694049407556184,5.517747178143019e-05,6.038632700477332e-05
0.0019960474990507945,0.00017339021750834824,8.659445609222424e-05
0.002227438139238434,0.0003528089504179468,0.00011744223198110362
0.002461788250700616,0.000589084173301943,0.00015284851062314047
0.002697322056677508,0.0008778289707389144,0.00019270756122871758
0.0029322934408253522,0.0012146450020198445,0.00023688917288628932
0.0031649996243370906,0.0015951460943335524,0.0002852391477083131
0.0033937939137557434,0.0020149799943928333,0.0003375799543958642
0.0036170974603679695,0.0024698482783530097,0.0003937115307520061
0.003833409948443182,0.002955524417994109,0.0004534122310811838
0.004041319147421297,0.0034678700217843977,0.0005164399134106985
0.004239509281481294,0.004002849288307303,0.0005825331602302165
0.00442676818766481,0.004556541725703779,0.0006514126252561515
0.00460199325059495,0.005125153204269668,0.00072278249761442
0.004764196117598067,0.005705025420246921,0.0007963320738111415
0.0049129759650771,0.0062933748419079115,0.000871721686390463
0.005047807790471128,0.006887258648644111,0.0009486069394104664
0.005168016449439258,0.007483476724889102,0.001026644124884613
0.005273033233492101,0.008078950749856692,0.0011054834073980942
0.005362401036840987,0.008670738733846044,0.001184769693790245
0.005435774321202386,0.00925604017152762,0.001264144461020085
0.005492918141054848,0.009832199996521414,0.0013432476410975155
0.005533706353664321,0.010396711611013444,0.001421719518002838
0.005558119071665151,0.010947219069751104,0.0014992026232132547
0.005566239418704066,0.011481518491253055,0.0015753436174960102
0.005558249651584742,0.01199755876664633,0.0016497951468463917
0.005534426714341078,0.012493441633602269,0.0017222176607427288
0.005495137290761751,0.012967421179392688,0.0017922811812791288
0.005440832422159827,0.013417902833252154,0.0018596670122135945
0.005372041756704906,0.013843441904122395,0.0019240693775271513
0.005289367495493663,0.0142427417155766,0.0019851969797206096
0.005193478098806728,0.014614651385362993,0.0020427744687707503
0.005085101813767206,0.01495816329265047,0.002096543813419314
0.004965020081956376,0.015272410271769774,0.0021462655672664335
0.004834060882530787,0.015556662567082704,0.0021917200229771183
0.004693092063092062,0.01581032457962414,0.002232708248775923
0.004543014707053986,0.016032931432387355,0.0022690530022930044
0.004384756582590574,0.016224145377592578,0.0023005995177253374
0.004219265714490102,0.016383752066013307,0.0023272161631834017
0.004047504116433071,0.016511656695451224,0.0023487949659969283
0.003870441717401663,0.016607880052758813,0.0023652520046479625
0.003689050512152031,0.016672554461411075,0.0023765276668775972
0.003504788340182192,0.016707410386929127,0.0023825543676024084
0.0033186466531436617,0.01671304313307773,0.0023833160718428345
0.003131532653931091,0.016689944786270627,0.002378828356229458
0.002944327310083807,0.016638682647252878,0.0023691317557408787
0.002757882856792647,0.016559899468931404,0.002354290817319473
0.0025730194495011947,0.016454309146339847,0.002334393518547667
0.0023905221466500276,0.016322692309457824,0.0023095505877174234
0.0022111382421962987,0.016165891937044756,0.002279894713962214
0.0020355749420284596,0.01598480899402479,0.0022455796534541117
0.0018644973761922467,0.015780398091929774,0.002206779238633519
0.0016985269373354336,0.015553663172077745,0.0021636862978359327
0.0015382399344799767,0.015305653211527147,0.002116511493003692
0.0013841665501182164,0.015037457952300246,0.0020654820834369748
0.0012367900876933365,0.01475020365489372,0.0020108406237476246
0.0010965464957508719,0.014445048877670702,0.0019528436043334957
0.0009638241544263051,0.014123180284343265,0.0018917600427912444
0.0008389639094526474,0.013785808482390997,0.0018278700347336197
0.0007222593385204051,0.01343416389590506,0.0017614632724752728
0.0006139572345907842,0.013069492676987027,0.0016928375400011829
0.0005142582906412221,0.012693052660453534,0.0016222971925360392
0.0004233179703016508,0.012306109367192652,0.0015501516288945773
0.0003414425393417382,0.011911466736011138,0.0014766642758311022
0.00026864793194409796,0.011510472252485889,0.0014021492392441897
0.00020488480846764901,0.011104279646591931,0.0013269298147940227
0.00015006689575355002,0.010694024682534045,0.0012513286236483971
0.0001040733176527104,0.010280826628181222,0.0011756656176132325
6.675052058119504e-05,0.00986578557820935,0.001100256596257187
3.791423239765497e-05,0.009449979767902078,0.0010254117881138543
1.7351451493561688e-05,0.00903446298848288,0.0009514344865684965
4.822455840744639e-06,0.008620262112358609,0.0008786197454882124
6.282226560226122e-08,0.008208374733927815,0.0008072531396353212
2.785446880714197e-06,0.007799766931432068,0.0007376095944500909
1.2682558265515613e-05,0.007395371155160464,0.0006699522893167224
2.9427715642996016e-05,0.0069960842470878915,0.0006045316379487992
5.2677784946216076e-05,0.0066027655967408555,0.0005415843490507626
8.207488630407542e-05,0.006216235437743112,0.00048133256993231966
0.00011724830709767994,0.005837273289101575,0.0004239831152757011
0.00015781637534427258,0.0054666165448564764,0.00036972678278322156
0.00020338828875272213,0.005104959215241912,0.000318737756967015
0.0002535658953606068,0.004752950821990759,0.00027117310188589413
0.0003086939818720686,0.00440638339157488,0.00022717102216295777
0.000368740561638881,0.004065316028111723,0.0001868532771249109
0.00043350252181517955,0.003731060756429461,0.00015031949849832099
0.0005027565399162768,0.003404893421131016,0.0001176522324220993
0.0005762598545312707,0.003088044098238486,8.891834592121752e-05
0.0006537514356217631,0.002781692271005359,6.416893373474855e-05
0.0007349532178788155,0.0024869623036159797,4.343926158130176e-05
0.0008195713723042278,0.002204919163845447,2.6748773875014047e-05
0.0009072976095301843,0.0019365644079608652,1.4101165594869242e-05
0.0009978105091991319,0.001682832441733568,5.484517244962521e-06
0.001090776870073762,0.0014445870704804362,8.714915726753349e-07
0.0011858530758911828,0.0012226183500261545,2.1959046120369483e-07
0.001282686472322612,0.0010176397494151672,3.4714701749031304e-06
0.0013815144536206028,0.0008293949437542453,1.0554984108755067e-05
0.0014828904273528113,0.0006576063203924355,2.138319052311261e-05
0.0015865590422215509,0.0005034644029683159,3.585656461675089e-05
0.0016922650336083206,0.0003680723408640695,5.3864889995298526e-05
0.0017997390762689392,0.0002524592627349573,7.528733706292351e-05
0.0019086985815579933,0.0001575746649327652,9.999296222240717e-05
0.0020188484210204353,8.428330303211301e-05,0.00012784123757292646
0.002129881709568321,3.3360344506021704e-05,0.00015868260742339462
0.002241480644055202,5.4868040709204625e-06,0.00019235906916001297
0.002353317396632603,1.245280268395706e-06,0.00022870477619038395
0.0024657171231372227,2.1252510337593835e-05,0.00026754666063950856
0.002578565980500611,6.626621332411206e-05,0.00030870507343479594
0.00269156250135086,0.00013696462024735442,0.00035199699371780426
0.002804399252166339,0.00023392448991753928,0.0003972355543099969
0.002916758643594828,0.0003576158900073965,0.0004442300442363185
0.0030283138004844894,0.0005083975392807456,0.0004927865341501188
0.0031387294139405752,0.0006865124103039542,0.0005427084996764601
0.003247662668313965,0.0008920836363683432,0.0005937974441473014
0.0033547642407515967,0.0011251107438838563,0.0006458535185282841
0.0034596793730159434,0.0013854662329681401,0.0006986761366814466
0.003562436909630257,0.0016736072852008917,0.0007520645841634458
0.003662842825299827,0.001989653295681577,0.0008058186188236551
0.0037605506978716004,0.0023333576982801792,0.000859741364499577
0.0038552153651654395,0.0027043459146591352,0.0009136388186119611
0.003946488992598722,0.0031021047952126905,0.0009673195144198004
0.004034022457333594,0.003525979951845853,0.001020595035508082
0.004117466684726989,0.003975173281929136,0.0010732805036145275
0.004196474060171571,0.004448740950180886,0.0011251950485213678
0.004270699908644214,0.00494559185580916,0.0011761622585842967
0.004339804037475706,0.005464486620916076,0.0012260106111308786
0.004403452336989681,0.0060040371375138825,0.0012745738820551758
0.004461364922945446,0.006562992867914712,0.0013216957497476209
0.004513250049121288,0.007139870139431256,0.0013672242967372108
0.004558802096653332,0.00773288737184106,0.0014110120548228144
0.004597729369313167,0.008340119232233127,0.0014529185256972378
0.004629754303119494,0.008959495028523033,0.001492810178639854
0.004654615272628633,0.009588802014964384,0.0015305607196582232
0.004672068372684852,0.010225689413257287,0.0015660513350989667
0.004681819953033492,0.010867722678809548,0.0015991820899200423
0.004683668114525291,0.011512293722762542,0.0016298498865725101
0.004677437837598017,0.012156668705760106,0.0016579591172446457
0.004662979372215394,0.012798000302698113,0.0016834222891455007
0.004640169789522549,0.01343333683850083,0.001706160166661012
0.0046089145304340174,0.014059632486006692,0.0017261018955394428
0.0045691488836903564,0.014673758648863739,0.0017431851090829414
0.004520839383773975,0.015272516567925073,0.0017573560168928613
0.004463985121351162,0.01585265118388109,0.0017685694769370712
0.004398618960306763,0.01641086628318961,0.001776789051755334
0.004325245402815565,0.016945352350585634,0.0017822098505261182
0.004244306219087941,0.017454082715447468,0.0017849930487272977
0.0041557160711799875,0.0179331430834069,0.0017850182749481688
0.004059430979243954,0.018378634237047827,0.001782170146156743
0.003955437191391733,0.018786593978796944,0.001776335600716709
0.003843755291026706,0.019153027007783652,0.0017674052130673063
0.0037244435415622027,0.019473933011473862,0.001755274212377759
0.0035976015649209618,0.019745338558622098,0.0017398436291839717
0.003463374365122837,0.019963332697780882,0.0017210215612864725
0.003322646806038395,0.020127068353406732,0.0016991159409315722
0.00317621883698896,0.020235476550058303,0.0016743825763456768
0.0030245896459791454,0.020286356336061483,0.0016468912945300563
0.0028683028194611835,0.02027781979492308,0.0016167188157225733
0.002707945054706252,0.020208274772056296,0.0015839501048013989
0.002544147177150113,0.020076456141922158,0.0015486783760256225
0.0023775851440964563,0.01988145570327077,0.0015110050082378947
0.002208981290819402,0.0196227517391663,0.0014710394568256033
0.0020390705841114663,0.019300289213641374,0.0014289073357973607
0.0018686424955869595,0.018914457967231724,0.0013847420137249296
0.0016985741326940086,0.018466068706243267,0.0013386770839570838
0.001529799592590276,0.017956422738668133,0.0012908535898867863
0.0013633289729839879,0.017387624515748507,0.0012414224811754145
0.0012002676081918594,0.016762914789776314,0.0011905472111329943
0.001041736515852009,0.01608520589049414,0.00113839086990446
0.0008889295388359054,0.015357974298788251,0.0010851243062776658
0.0007431154846570144,0.01458524722146903,0.001030925064266901
0.0006056437482627337,0.013771605902820871,0.000975977216463244
0.0004780719893995814,0.012923856893953454,0.0009204711787420552
0.0003621324788691184,0.012051169223522019,0.0008646035145559116
0.0002593192100686366,0.011159385325794576,0.000808578627633944
0.00017120744194866984,0.010254810266335781,0.0007526105746638167
9.944852481896898e-05,0.009344100232837911,0.0006969183030076327
4.598505821295771e-05,0.00844044768495137,0.0006417252691535254
1.2354348888058294e-05,0.007551576747193296,0.0005872590070606971
3.0293464073006174e-08,0.006683836601897321,0.0005337579437671735
1.049986434935618e-05,0.005843592885500646,0.00048146406623725
4.4662132520507365e-05,0.005048900396889591,0.00043060902834905
0.0001029924741108567,0.004303695810065823,0.0003814373770164003
0.00018585400929297798,0.003611128120046342,0.00033420831101440527
0.00029349141672565144,0.0029740014427688806,0.0002891764667801525
0.0004260251530682364,0.0023947616893575823,0.0002465897835504891
0.0005815894805821579,0.0018809916152838647,0.00020669046140910457
0.0007580914130502621,0.0014345913418221134,0.0001697096429557564
0.0009539691804709525,0.0010535717582416228,0.00013587400451966055
0.001167561597221603,0.0007356774639697466,0.00010539832627259191
0.001397110918738185,0.0004784785650157595,7.847891126948788e-05
0.001640778274304922,0.00027939580164228846,5.5292276738017876e-05
0.001896659734010004,0.00013572381173644252,3.5994134463765475e-05
0.002162802599568119,4.4653686874508085e-05,2.071849341177592e-05
0.002437221726995889,3.2946928460466877e-06,9.576886338131793e-06
0.0027180278447046535,8.703317361249547e-06,2.658149000786862e-06
0.003004041883857425,5.8069081975677984e-05,2.6204026941316376e-08
0.003293387945186704,0.0001486581162126031,1.713078367750926e-06
0.0035841868731498285,0.0002776911518833697,7.727449654965456e-06
0.0038745818698319714,0.0004423598530348475,1.8054994938039e-05
0.004162751737501686,0.0006398431054778235,3.265844646213211e-05
0.004446923240444513,0.0008673221919483744,5.147777205969375e-05
0.00472538269534959,0.001121994833628817,7.443048786152495e-05
0.004996486708822467,0.0014010880777600757,0.00010141210229958338
0.0052586719911190075,0.0017018700249063006,0.00013229668931174406
0.005510464189573491,0.002021660403178229,0.00016693758765624003
0.00575048569954759,0.002357840008986976,0.00020516822225451195
0.005977462424746963,0.002707859044582252,0.0002468030425213997
0.006190229472227091,0.0030692443917197327,0.0002916385717235957
0.0063877357801566895,0.0034396058683288434,0.0003394545605425943
0.006569047688274848,0.003816641521068277,0.00039001523721738545
0.0067338444545449625,0.004198676611290851,0.000443060593985024
0.006881626867509921,0.004583861199454429,0.0004983223829061451
0.0070117694274139325,0.004970179073613271,0.0005555269488433054
0.0071237554330562235,0.005355689374278518,0.0006143920395267706
0.0072171812998074476,0.005738535556518946,0.0006746277920483238
0.007291756154287078,0.006116948449673312,0.0007359382581342443
0.007347300605880301,0.006489248600712102,0.0007980229768173852
0.007383744805520781,0.006853848073273149,0.000860578566594044
0.007401125840736702,0.007209251751986258,0.0009233003265103659
0.0073995845178740785,0.007554058197471181,0.0009858838361735767
0.007379361584666894,0.007886960095709676,0.001048026544800342
0.007340793447866076,0.008206744343482252,0.0011094293395957433
0.007284307441497012,0.00851229180922774,0.001169798084012976
0.007210416701543646,0.008802576806103586,0.0012288451167708743
0.007119714702514243,0.009076666311266888,0.0012862907028988498
0.007012869510490075,0.009333718962527316,0.0013418644285314132
0.00689061780595416,0.009572983860598055,0.0013953065316803018
0.006753758728005104,0.009793799202243917,0.0014463691617659126
0.006603147589537672,0.009995590766740255,0.001494817561284177
0.006439689510676872,0.010177870275250576,0.0015404311636139291
0.006264333015236948,0.01034023364003909,0.0015830046016265165
0.006078063632292947,0.010482359117881292,0.0016223486224375273
0.005881897542145683,0.010604005379646269,0.001658290904333742
0.005676875303073029,0.010705009505811592,0.0016906767726102214
0.005464055692329395,0.010785284915653065,0.0017193698117577596
0.005244949168352335,0.01084569852842941,0.0017442320538399805
0.005020769648256173,0.01088666942176976,0.001765156551308031
0.0047925703949807585,0.01090838226200042,0.0017820646473888627
0.0045613895985778365,0.010911071253649011,0.001794898541489374
0.004328248733943812,0.01089502491937284,0.001803620546815883
0.004094148282533741,0.01086058377906043,0.001808212999428785
0.003860063698452823,0.01080813784882789,0.001808678090881755
0.003626941681071758,0.010738124140744262,0.0018050375995677314
0.0033956967568574007,0.010651024164998971,0.0017973325235436939
0.0031672081701084303,0.01054736143135538,0.001785622618938186
0.002942317080636701,0.0104276989467408,0.0017699858485026208
0.0027218240649724253,0.01029263670607415,0.0017505177452563762
0.0025064869163618337,0.010142809173788285,0.0017273306965206897
0.00229701873765861,0.009978882753945552,0.0017005531539374486
0.0020940863201769347,0.00980155324736035,0.0016703287753265428
0.0018983088006642719,0.009611543294717789,0.0016368155044495282
0.0017102565877578104,0.009409599805299429,0.0016001845949192603
0.001530450548600962,0.00919649137158514,0.0015606195846249952
0.0013593614457077395,0.008973005670679908,0.0015183152271320143
0.0011974096136655873,0.00873994685420716,0.0014734763865649739
0.0010449648648546272,0.008498132929003512,0.0014263169024966633
0.000902346613026849,0.00824839313163396,0.0013770584313400084
0.0007701010396273416,0.007992752895563244,0.0013258849585202253
0.0006484037827278753,0.007732136686008963,0.0012730280915965646
0.0005373436384329792,0.007467308715558972,0.001218732118035847
0.00043696384708174704,0.007199025065382573,0.0011632448303883064
0.0003472642142687458,0.006928035417269313,0.0011068158115268368
0.00026820263132880417,0.006655081167603561,0.001049695198472462
0.00019969667827841205,0.006380893485623399,0.0009921324844629218
0.0001416253114342895,0.006106191411828196,0.0009343753494340562
9.383062587990774e-05,0.0058316800044201965,0.0008766685235465639
5.6119683050494796e-05,0.005558048539498609,0.0008192526885131507
2.8266394040979503e-05,0.005285968770747327,0.0007623634211683207
1.0013449590157764e-05,0.005016093254376558,0.0007062301833878996
1.0742880523017022e-06,0.004749053745036389,0.0006510753621212483
1.135093033462013e-06,0.004485459668317661,0.0005971133629485609
9.856812742193602e-06,0.004225896675293837,0.000544549760220309
2.687719348206855e-05,0.003970925284339955,0.0004935805064776991
5.1812820094543643e-05,0.003721079615194514,0.00044439120349397886
8.426115654394333e-05,0.003476866219910462,0.0003971564369176418
0.00012380258021984486,0.0032387630149765035,0.0003520391761425109
0.0001703624960317184,0.0030046510588151187,0.0003091892443715944
0.00022399564794134882,0.0027731110364205493,0.0002687442502302712
0.00028449961157848145,0.002545162051170115,0.00023082625924739138
0.00035164314912726913,0.002321810563935793,0.00019554234599915526
0.0004251669517803231,0.002104037311678838,0.0001629882655317465
0.0005047849542344961,0.0018927928886196357,0.00013324824706759586
0.0005901857642169387,0.0016889935877715272,0.00010639476246395532
0.0006810341689819565,0.0014935174018659945,8.248834348738257e-05
0.0007769727099180843,0.001307200197291553,6.157744943981162e-05
0.0008776233173577646,0.00113083207682891,4.369838514326475e-05
0.0009825889978645468,0.0009651539463349866,2.887526904696659e-05
0.0010914555664654339,0.0008108542997695764,1.7120051006608126e-05
0.0012037934165152141,0.0006685662361390853,8.43257907808156e-06
0.0013191924818535623,0.0005388240754444126,2.8007240642668698e-06
0.0014386165961012695,0.0004206741981656745,2.0060696385278755e-07
0.0015617411743710167,0.00031518388282538037,5.957718311094882e-07
0.0016882455040650565,0.00022334993669737466,3.939149353213793e-06
0.0018177899028351322,0.00014611847167117996,1.0174312871755445e-05
0.0019500168964782347,8.437921551262969e-05,1.9235740818270502e-05
0.002084552259937585,3.896032307355838e-05,3.104910427202568e-05
0.002221006135961089,1.0623361990179954e-05,4.553158088397938e-05
0.0023589742229696477,5.849754862817388e-08,6.259219392076805e-05
0.0024980390295172472,7.879897807379714e-06,8.213217506194532e-05
0.0026380530612755593,3.4693032802796864e-05,0.00010404534951635712
0.002779209590225925,8.129631328202332e-05,0.00012821854196304997
0.0029211131234246064,0.00014841370949043034,0.0001545326995212679
0.0030633708703938986,0.00023669162197709583,0.00018286450257439215
0.003205578031280853,0.000346691718632966,0.00021308567664799814
0.003347319182928361,0.0004788858677409055,0.00024506342617791626
0.003488169443636038,0.0006336511989116063,0.0002786608691270938
0.0036276957188093656,0.0008112654014499908,0.00031373747885751177
0.0037654580179659306,0.0010119022817548435,0.0003501495313101807
0.0039010108412960366,0.001235627604820724,0.0003877505561323588
0.0040340270318627944,0.001482594085613357,0.0004263917904012213
0.004164525522860951,0.0017535127754843996,0.00046592263361545206
0.004292067133182039,0.0020483478507356706,0.0005061916273645665
0.0044162249555912275,0.0023669649159718644,0.0005470485295203017
0.00453657026770805,0.0027091073079039026,0.0005883429611926325
0.004652674400945583,0.003074392887402255,0.000629924837133058
0.004764110298406966,0.0034623105847112023,0.0006716447682024311
0.0048704541452261,0.003872217358215912,0.0007133544570678049
0.0049712870547950015,0.004303335583659461,0.0007549070851230861
0.005066196805719345,0.004754750911103152,0.0007961576898821517
0.005154779623355837,0.005225410627830641,0.0008369635321331551
0.005236651754172419,0.005714174046012548,0.0008771851144651812
0.005311501916200442,0.006220104705923523,0.000916690145737106
0.005378960930751829,0.0067417740340427095,0.0009553449201886977
0.005438679076487814,0.007277620863520693,0.0009930198714428993
0.005490323718896979,0.007825942936398914,0.0010295892855656276
0.005533581255509404,0.008384898915748057,0.0010649315923940844
0.005568158967830461,0.008952510876768346,0.0010989296364747668
0.005593746967014771,0.009526692030487826,0.0011314758906972526
0.005610061333723754,0.01010522810813861,0.0011624677981992232
0.005616887392209816,0.010685754749324969,0.0011918027432658014
0.005614039625709452,0.011265787633044104,0.0012193833229983836
0.005601362737874315,0.011842731180097706,0.001245117593409733
0.005578733162140542,0.01241388691684526,0.0012689192642710073
0.005546060501386379,0.012976462989875455,0.0012907078839767701
0.005503288872097056,0.013527584865257371,0.0013104090129532843
0.005450398145687948,0.014064307250165263,0.0013279543859269845
0.005387405081071386,0.014583627269045663,0.001343282063429436
0.005314981788689762,0.015084320077254144,0.0013565847576347736
0.00523367963770536,0.015564816299682193,0.001368007922590936
0.005143390875150406,0.016021545943739522,0.0013774207975737693
0.005044051348586386,0.016450939490506526,0.0013846947410394688
0.004935625726257068,0.01684934061567375,0.0013897005108287075
0.004818111484558766,0.017213032428463778,0.0013923094304643063
0.0046915418390537575,0.01753826140739476,0.0013923942638552483
0.004555988959120009,0.017821264935592922,0.0013898302138982581
0.0044115674564971005,0.01805830233688437,0.0013844960366780894
0.004258438208591232,0.018245689604374175,0.0013762752802254914
0.004096812587026363,0.018379837980231618,0.0013650576560496552
0.003928031029305569,0.01846135784769815,0.0013512402269191398
0.003752978925568031,0.01848935844513168,0.001335011876103085
0.0035722515301361895,0.01846206414086471,0.0013164121420587108
0.003386489555677514,0.018378022840467887,0.0012954869235197927
0.0031963780691190045,0.018236095877151942,0.0012722897332124688
0.0030026474984074887,0.018035488334990184,0.0012468817999526586
0.0028060747033082432,0.017775777966780693,0.0012193320977700265
0.002607468449641391,0.01745696289165807,0.0011897203435764765
0.002407641189522987,0.01707953058565177,0.001158143202372958
0.0022075232600084734,0.016644347736699712,0.0011246935974126785
0.0020081020855225507,0.01615275407134683,0.0010894720146395094
0.0018104249386703517,0.015606592316691783,0.0010525866088718393
0.0016156777217624426,0.015009348002886079,0.001014162756053886
0.001425034239000724,0.014363912536322665,0.0009743238587253169
0.001239742668753435,0.013673730130050412,0.0009332018843965377
0.0010611262870519821,0.012942778284849648,0.0008909361842926696
0.0008905893047358192,0.012175571230000612,0.0008476734270427309
0.0007296788250927222,0.011377741895536126,0.0008035675082915427
0.0005803629677615574,0.010559223940751993,0.0007587794470123725
0.0004441965338117387,0.009725710476142253,0.0007134779308517959
0.0003228219676531204,0.008883360365174167,0.0006678435143173684
0.00021795968690584537,0.008038667765234138,0.0006220629735772981
0.0001316921391209658,0.007202937185722909,0.0005763290170301258
6.579136718247282e-05,0.006385032721394937,0.0005308399358396274
2.1813583268341207e-05,0.005591067897462025,0.000485804670608062
1.3329585707647204e-06,0.004827179190695824,0.00044143923021684934
5.7559525123636754e-06,0.00410821094326416,0.00039795353568914874
3.57291828035781e-05,0.003440061010650157,0.0003555677092886049
9.170019487826078e-05,0.002825610020480529,0.0003145178610378686
0.00017399593375988235,0.0022673872310750892,0.0002750411058465678
0.0002828164472671749,0.001767562488304933,0.00023737049621252518
0.00041704716111458877,0.0013314333314242094,0.00020173539828094938
0.0005745149781154998,0.0009617813145248516,0.00016835806290015922
0.0007536674061157473,0.0006563698441702371,0.00013745652227146264
0.0009528457128016851,0.0004126895336894001,0.00010924246392960148
0.0011702852813743263,0.00022807026794063068,8.39122281716402e-05
0.0014041311335083548,9.970745161789366e-05,6.164536526319446e-05
0.0016524541941164963,2.4685916826851524e-05,4.260355357626823e-05
0.0019132678303796144,2.993326403161545e-09,2.6929631297283047e-05
0.002184544469302726,2.2590622170193124e-05,1.4746741523686537e-05
0.002464232109417055,8.933638207669838e-05,6.157596696208936e-06
0.002751148912141707,0.0001974067413679542,1.2461021256469794e-06
0.003043383833105505,0.00034393949169225806,6.41784578068973e-08
0.0033389972141124693,0.000526037932517445,2.6422947318252114e-06
0.00363606460401745,0.0007407921506399753,8.990043597900125e-06
0.003932690716356281,0.0009852953809386554,1.9096082656658385e-05
0.004227022219657474,0.0012566590102928558,3.292817970478902e-05
0.004517259776181504,0.001552026364132339,5.043338336161088e-05
0.004801669249651956,0.0018685852661228179,7.153831893589563e-05
0.005078592007400793,0.002203579370832823,9.614960810895485e-05
0.005346454256585092,0.002554318282901484,0.00012415441004310634
0.005603775368496819,0.002918186488490789,0.00015542108057029722
0.005849175159068778,0.003292651135430857,0.00018979994518547399
0.006081380107260703,0.003675268707447873,0.00022712418067551233
0.006299228505903246,0.004063690645235555,0.00026721079936791885
0.006501674551627168,0.004455667972954706,0.0003098617291944858
0.006688378366586781,0.004849740547661955,0.0003548542435275014
0.006858668361486949,0.00524407631054662,0.00040195954982769766
0.007011807892898004,0.005636731643348662,0.0004509419521185673
0.007147169730216677,0.006025848117781774,0.0005015567444024625
0.007264239802277055,0.006409659755363993,0.0005535512087994578
0.0073626172298292755,0.006786495375824789,0.0006066659943305936
0.0074420135414548505,0.007154780246975958,0.0006606365413080033
0.007502251164341835,0.007513037187440694,0.0007151945299566167
0.007543261236868755,0.007859887174647535,0.0007700693435340501
0.007565080792344703,0.008194049506681648,0.0008249895365544933
0.007567849365704599,0.00851434156471911,0.0008796842987922381
0.0075518050766846265,0.008819678220563098,0.0009338849058763052
0.0075172802440361805,0.009109070931273756,0.0009873261474962736
0.007464696585729256,0.009381626560113685,0.0010397477245160506
0.007394560059905744,0.00963654596008849,0.0010908956066333565
0.007307455400628911,0.00987312235331301,0.001140523342621803
0.007204040401297323,0.010090739536335968,0.0011883933156451652
0.007085039997012384,0.010288869938460645,0.001234277936632955
0.006951240195265438,0.01046707255705207,0.0012779607692473068
0.006803481902102605,0.010624990790859169,0.001319237580547105
0.006642654688487252,0.010762350189537449,0.001357917312059884
0.006469690538961563,0.010878956134859237,0.0013938229665994702
0.0062855576219599096,0.010974691466566147,0.0014267924068113013
0.006091254118287723,0.011049514063469743,0.0014566790620820645
0.0058878021413930545,0.011103454388251107,0.001483352541110184
0.005676241780155477,0.011136613002460058,0.001506699148093082
0.00545794017639913,0.011149783103509996,0.0015266089661446062
0.005234249131414837,0.01114384490447154,0.0015429888419646865
0.005006206129353718,0.01111914760322069,0.0015557770447931362
0.004774831137077612,0.011076074833309805,0.001564931450965468
0.004541128184534395,0.011015056402846952,0.0015704281316691764
0.004306081350805617,0.010936566039384402,0.00157226119377296
0.004070650922969574,0.01084111879776909,0.0015704425771227465
0.0038357698474623374,0.010729268488275101,0.0015650017611226576
0.0036023404765518478,0.010601605130756269,0.0015559853826707503
0.003371231608514307,0.010458752431079955,0.0015434567694847924
0.003143275818614831,0.010301365276027022,0.00152749539327681
0.0029192670767152844,0.010130127243125595,0.0015081962475730624
0.002699958646201762,0.009945748122265754,0.0014856691552718228
0.0024860612579296437,0.009748961446397975,0.0014600380112853484
0.002278241552017572,0.009540522029137962,0.0014314399658259015
0.0020771207795709334,0.009321203507671624,0.0014000245540684011
0.0018832737557730316,0.009091795889964204,0.0013659527780558321
0.0016972280552378276,0.008853103105916903,0.0013293961468082028
0.0015194634400643857,0.0086059405627697,0.0012905356806534756
0.0013504115106615228,0.008351132705712748,0.0012495608858202026
0.0011904555691149116,0.008089510585328485,0.0012066687053188545
0.001039930684641339,0.00782190943413562,0.0011620624520928783
0.0008994268158418671,0.0075503342589218645,0.0011159095877823432
0.0007691373981811349,0.0072756748052445405,0.0010684217669367504
0.0006491731237739205,0.006998675832317257,0.0010198209034184827
0.0005396008633934773,0.006720069100917964,0.0009703312814071437
0.00044044561865903717,0.006440574863622428,0.0009201780406635663
0.0003516919009053907,0.006160900233955808,0.0008695860618753141
0.00027328518593579796,0.00588173751815824,0.0008187788890924272
0.00020513344750798648,0.0056037625921967985,0.000767977681583289
0.0001471087608954765,0.005327633330724829,0.0007174001992368756
9.904896796511299e-05,0.005053988092834449,0.000667259825690765
6.0759395529264674e-05,0.004783444269472384,0.0006177646330631665
3.201461905614607e-05,0.004516596897405258,0.0005691164918479596
1.2560264149376651e-05,0.004254017344580571,0.0005215102292060853
2.11483853726296e-06,0.0039962520716324956,0.0004751328385565505
3.7158764245542095e-07,0.003743821474130829,0.00043016274303726756
7.000367132674694e-06,0.003497218809969277,0.00038676911507204084
2.164952618209332e-05,0.003256909216038015,0.00034511125394646796
4.394779549966993e-05,0.0030233288180297594,0.00030533802296414626
7.350617450414786e-05,0.002796883936890925,0.00026758734742650755
0.00011021336670476464,0.002575541855977101,0.0002319848997937211
0.00015408662716203878,0.002358050135100978,0.00019864500403410777
0.0002049538022104437,0.002145352868576467,0.0001676677177035407
0.00026261337922391835,0.0019383771657548582,0.00013913960123514157
0.00032683522919803326,0.0017380213811112053,0.00011313683486643354
0.00039736179428467584,0.0015451511181074282,8.97250647468289e-05
0.000473909387798633,0.0013605954805516113,6.895923122195146e-05
0.0005561695763276699,0.0011851434816442035,5.088344124690296e-05
0.0006438106360015368,0.0010195406230398465,3.553088606803812e-05
0.0007364790756960359,0.0008644856581662111,2.292380402934327e-05
0.000833801220060275,0.0007206275534723774,1.307348814588796e-05
0.0009353848453779839,0.0005885626605942461,5.980337898536441e-06
0.001040820861420781,0.0004688321116821931,1.633954522256558e-06
0.0011496850326187826,0.0003619194493413573,1.3278885459542461e-08
0.001262878040199503,0.0002670570826597058,1.086522700240797e-06
0.001380101100486532,0.00018520076589001463,4.811066489695825e-06
0.0015010500751748645,0.00011724736443470863,1.1135472529606553e-05
0.0016254008056070884,6.404255363416494e-05,2.0000185482937862e-05
0.0017528100960498753,2.6375720829893473e-05,3.1337789467320654e-05
0.0018829167034940576,4.975198417484757e-06,4.507328741666417e-05
0.0020153424103492535,5.036658043356841e-07,6.11244027126304e-05
0.002149693173275308,1.3553741624152535e-05,7.940190179877629e-05
0.0022855603456395294,4.464378607634269e-05,9.980993651763888e-05
0.0024227222430864446,9.430145821027802e-05,0.00012224640486024495
0.0025614118311005295,0.00016333621469607565,0.00014660332877102162
0.0027012383175338307,0.0002523715581970377,0.00017276779387106388
0.0028418133169974286,0.00036195812488467845,0.00020062385649020702
0.0029827351990233475,0.0004925642290038591,0.00023005157901692503
0.00312359049078593,0.0006445712399962537,0.00026092742497509715
0.0032639550454397525,0.0008182690119393217,0.0002931246510220546
0.003403395297045346,0.001013851540162233,0.00032651370399482544
0.003541469591877883,0.0012314128643586553,0.00036096262114401436
0.0036777295941191673,0.0014709432425482785,0.00039633743238918394
0.0038117483783472864,0.0017323736211375931,0.0004325025634427951
0.003943610814041872,0.0020165331243551395,0.0004693212386750909
0.0040728700312928825,0.002323309635637204,0.0005066559998695848
0.004199092940780343,0.002652503015801208,0.0005443714530560751
0.004321843695033289,0.0030037958785958043,0.0005823325054017617
0.004440685651906372,0.0033767508521587828,0.0006204047452954926
0.004555182968117946,0.0037708074064128913,0.0006584547899303562
0.00466490226880383,0.0041852790854312975,0.0006963506262254594
0.004769414374251185,0.004619351156013623,0.0007339619430385213
0.004868296078334304,0.00507207870927981,0.0007711604541020604
0.004961131972135212,0.005542385252803875,0.0008078202111459571
0.005047516305573555,0.006029061832199963,0.0008438179067303315
0.0051271165711868905,0.00653112196585662,0.0008790374440221126
0.005199565614235459,0.007047214467179078,0.000913362873008915
0.005264499158599885,0.00757577831055537,0.0009466811593127934
0.0053215705071034255,0.008115121294440237,0.0009788831071439142
0.005370451591305819,0.008663419908778995,0.0010098634722536133
0.005410834876557149,0.009218722024422784,0.0010395211884954283
0.0054424352285604395,0.009778950340799827,0.0010677595814717457
0.005464917928561845,0.010341954131739516,0.001094495691725578
0.00547805000116723,0.010905421679736496,0.0011196422655765509
0.0054816296158578266,0.01146692720601292,0.0011431166204815637
0.005475484994338341,0.012023941869453552,0.0011648411003340386
0.005459475905575362,0.012573842150461215,0.0011847432351575616
0.005433495124881592,0.013113919293165594,0.0012027558924509066
0.005397469795838845,0.013641389894987834,0.0012188174191628681
0.005351362686952091,0.014153407679210498,0.0012328717745549592
0.005295173337195134,0.014647076480091115,0.001244868654347226
0.0052289390862253335,0.015119464464227546,0.0012547636065707685
0.005152735986891711,0.01556761960505285,0.0012625181395701521
0.005067060108783518,0.015989769589187592,0.0012682512517845671
0.004972228744192261,0.016383555919691248,0.0012720058253985064
0.004868192265532465,0.016745403251305382,0.0012736657539899545
0.004754943401500315,0.017071750549860588,0.0012731173881123054
0.004632510246772009,0.017359011513976834,0.0012702484912674732
0.004500960170283932,0.017603605428924828,0.0012649494290308638
0.004360459205328582,0.01780218576909237,0.0012571381151937446
0.004212053652027448,0.017954495916406132,0.0012470983928849705
0.004056188191522333,0.01805822478643843,0.0012348513530566995
0.0038933540797007446,0.018111335237638346,0.001220422882401698
0.003724085107931951,0.018112015357651504,0.001203845512045987
0.003548958294624969,0.018058708190827333,0.0011851585862686965
0.0033685942999115825,0.017950139695281423,0.0011644083063470081
0.003183658007206176,0.01778534684550559,0.001141647771831223
0.0029948593106327768,0.017563705580535532,0.0011169370188249715
0.002802954156740998,0.017284958339395418,0.0010903430552603004
0.0026086741796286445,0.016949327501850475,0.0010619525598880215
0.0024128702639755815,0.016557379216205603,0.0010318478806817292
0.002216451186346509,0.016110112780112252,0.0010001175016067893
0.002020381412444461,0.01560899228017151,0.0009668568182087513
0.0018257233503914756,0.015056526321838938,0.0009321727101066507
0.001633597312743325,0.01445569178559184,0.0008961787071460679
0.0014451531628318485,0.013809463554192542,0.0008589914649674167
0.0012616115616625808,0.013121336787874154,0.000820734900551
0.0010842668380506688,0.012395320750223844,0.0007815396518046902
0.0009144925543991266,0.011635940647481975,0.0007415430213627721
0.0007539611225750388,0.01085037625748339,0.0007008889036707119
0.0006044263741410975,0.01004668379118097,0.0006597276988913937
0.00046741010773599837,0.0092305120198059,0.0006182185405661172
0.0003445145763806208,0.008407914849781572,0.0005765295818373522
0.00023741739370781718,0.007585261436466398,0.0005348346200430172
0.0001482717126868349,0.006775008883313075,0.0004933128202664597
7.866222206072848e-05,0.005984084804675622,0.000452148393347682
3.010244478487039e-05,0.005218434212059568,0.00041153691508125366
4.120067291490339e-06,0.004483991209555892,0.0003716783341898273
2.1243450153952167e-06,0.003796420133067965,0.00033276548635850827
2.4687377589220266e-05,0.003159565163544462,0.00029500339464524146
7.224120236618035e-05,0.002576132720827759,0.0002586115201038244
0.0001451013469352309,0.0020484879427851255,0.00022380748779873017
0.00024346096567870093,0.001578644408965146,0.0001908046706459441
0.00036620889027929595,0.0011717383065513191,0.00015981260027257498
0.0005113586088082898,0.0008298572648706054,0.00013103347943236638
0.0006774220137847577,0.000550730964392947,0.00010466535264280447
0.0008628087518216474,0.0003318373788118422,8.089891560760675e-05
0.0010658282858992132,0.0001705021459076215,5.991001136079848e-05
0.0012847047903821658,6.392390387290472e-05,4.1858338899263244e-05
0.0015175926963525103,9.197520868311363e-06,2.688647085493679e-05
0.0017625924710930872,3.3364910650258284e-06,1.5118979751494137e-05
0.0020177664478955386,4.3294381745001566e-05,6.6616734410171895e-06
0.002281154533060931,0.00012598520887693968,1.6009451392354059e-06
0.002551450671326625,0.00024856973068463647,3.154192146807182e-09
0.002826977779107003,0.0004082403698321263,1.9076482247504007e-06
0.003105889529697026,0.0006021317190984339,7.332666236986001e-06
0.003386352144371198,0.000827367806782392,1.6276779828388714e-05
0.003666560120383083,0.001081078880865673,2.8718917357077842e-05
0.003944748373060185,0.0013604159390044925,4.461845465590782e-05
0.00421920361215191,0.0016625640469428143,6.391542394811396e-05
0.004488274923218927,0.0019847544673157525,8.653084041794644e-05
0.0047503834860552745,0.0023242756008101917,0.00011236714471965628
0.005004031374673941,0.002678482753611132,0.00014130875883466439
0.005247809396815014,0.0030448067565738233,0.00017322275179848472
0.005480403944093747,0.0034207614715521467,0.00020795961095560847
0.005700602836580867,0.003803950228753447,0.00024535411357469016
0.005907300157627533,0.0041920712459133066,0.00028522629287799255
0.006099500085971468,0.004582922085550649,0.00032738249181733515
0.006276319742475963,0.004974403210654711,0.0003716164972715739
0.006437398311900733,0.005365031599103363,0.0004177024973804122
0.006582293829778103,0.005753221607492689,0.000465407384753817
0.006710417433632091,0.006137171856134564,0.0005144952203045496
0.0068212832116674865,0.006515166404599381,0.0005647237387396404
0.0069145123888754,0.006885583583401887,0.0006158451293633739
0.006989832609841118,0.007246897709295037,0.0006676073724899553
0.007047076468498203,0.007597680114331585,0.0007197556141441439
0.007086179399112075,0.007936599689636201,0.0007720335512879798
0.007107176976353411,0.008262422994010385,0.0008241848181595825
0.007110201673394436,0.00857401397201325,0.0008759543649477096
0.0070954791285293,0.008870333323994563,0.0009270898201932045
0.007063323971764612,0.009150437568185715,0.0009773428285276733
0.007014135263176639,0.009413477832358354,0.0010264703556417067
0.006948391594638764,0.009658698409802465,0.0010742359527154347
0.006866645905843168,0.00988543511151796,0.001120410972938517
0.0067695200644286215,0.010093113443608588,0.0011647757331893084
0.006657699258538856,0.010281246635965587,0.0012071206144282588
0.006531926248328074,0.010449433545468814,0.0012472470948834654
0.0063929955208547025,0.010597356454155207,0.0012849687106601445
0.006241747390511898,0.01072477878013598,0.0013201119389853163
0.006079062084682066,0.010831542716510809,0.0013525169998985596
0.005905853851715359,0.010917566811150105,0.0013820385728129387
0.005723065125660987,0.010982843498009964,0.0014085464249925328
0.005531702951738577,0.011027519038128661,0.0014319242348932463
0.005333256175825745,0.011052748839035544,0.001452052091198575
0.0051287140796220125,0.01105880717930008,0.0014688461917231452
0.004919054453086332,0.011045998302488213,0.0014822420459859242
0.0047052487446552355,0.011014676823151994,0.0014921924385631498
0.004488257807772271,0.010965245576348695,0.0014986673897550865
0.0042690277165952865,0.010898152907804859,0.0015016541029713377
0.004048485851191219,0.0108138899850619,0.0015011568223402302
0.003827537260108294,0.010712988142472943,0.0014971966007858437
0.003607061302309893,0.010596016257268127,0.0014898109817052527
0.0033879085686647314,0.010463578153398453,0.0014790535978746408
0.0031708980816501815,0.010316310029901724,0.0014649936916012287
0.0029568147705470505,0.010154877910686144,0.0014477155604856135
0.002746407218175519,0.009979975112877881,0.001427317933467806
0.002540385674132329,0.009792319731212872,0.0014039132820991968
0.00233942032853209,0.009592652136358395,0.0013776270722130638
0.0021441398394190115,0.009381732485515428,0.0013485969613568865
0.001955130106292519,0.009160338244165027,0.0013169719475028625
0.0017729332815710089,0.00892926171837166,0.0012829114746681382
0.001598047011294879,0.008689307597631195,0.001246584501155047
0.0014309238959346457,0.008441290508841981,0.0012081685361652092
0.0012719711618153463,0.008186032582573747,0.0011678486505506808
0.001121550533387256,0.007924361033402388,0.001125816467442422
0.0009801136559583652,0.007657606709328549,0.0010822518504338438
0.0008480888944086397,0.0073873159843951324,0.001037332191748327
0.0007256273267014984,0.00711424979686879,0.0009912665554698396
0.0006128340622113765,0.006839141414821447,0.00094426846517156
0.0005097735293282193,0.006562712946561281,0.0008965528184754803
0.0004164707485456465,0.006285674094731659,0.0008483347550105319
0.0003329126218684629,0.006008720504478576,0.0007998286130677241
0.0002590493038409093,0.00573253214767137,0.000751246913552212
0.00019479564683325972,0.005457771758705561,0.000702799373728873
0.00014003271217212954,0.005185083326445308,0.0006546919548876635
9.460933898782116e-05,0.004915090646675157,0.0006071259478159615
5.834376296902399e-05,0.004648395939475649,0.0005602970996647362
3.102527753531742e-05,0.0043855785359353415,0.000514394785486617
1.2415930259986285e-05,0.0041271936385565405,0.00046960122740929934
2.2522476983213938e-06,0.003873771159604772,0.00042609076408977567
2.469820990219056e-07,0.0036258146414950843,0.000384029172774417
6.090873797450618e-06,0.003383800263104184,0.00034357304596943286
1.945442340829977e-05,0.0031481759356495748,0.00030486922440635915
3.998966825061218e-05,0.002919360491486901,0.0002680542876702098
6.73319577490236e-05,0.0026977429688506563,0.00023325410354445254
0.00010140156811607193,0.0024811640794064455,0.00020058257069438166
0.00014219968503994258,0.0022686559877979242,0.0001701426932130262
0.0001895668529367719,0.0020611288458527856,0.00014202347973056372
0.0002433159325181989,0.0018594738742261595,0.00011630136964153287
0.0003032328180089265,0.0016645529095613517,9.304276968581055e-05
0.00036907753916203245,0.0014771946251192342,7.230392361054119e-05
0.0004405854671267145,0.0012981909849762376,5.413077372579876e-05
0.0005174685981402287,0.0011282938559511772,3.855886467793967e-05
0.0005994169078106925,0.0009682117889302807,2.561329026943267e-05
0.0006860997693614934,0.0008186069828239291,1.530868308850072e-05
0.0007771674293024759,0.0006800924438212563,7.649246513999227e-06
0.0008722525340981306,0.0005532293519388136,2.628828484397535e-06
0.000970971701529066,0.0004385246461375611,2.31036249658778e-07
0.001072927130587394,0.00033642883851227036,4.2939116162867546e-07
0.0011786226078141138,0.00024652703205483054,3.187222461127524e-06
0.0012881000167421703,0.00016930909346386255,8.457751038627621e-06
0.0014010700783859571,0.00010562057297913828,1.6185785596482427e-05
0.0015172306207648075,5.625170734269314e-05,2.6308619896815316e-05
0.0016362614533047258,2.1937572451636553e-05,3.875623400621387e-05
0.001757825335469644,3.353567937178146e-06,5.345157741502562e-05
0.0018815689684706577,1.1111337683149397e-06,7.031087282717238e-05
0.0020071240610866335,1.5753655067964794e-05,8.924393904821499e-05
0.0021341084658452287,4.7752574371704664e-05,0.00011015453166742202
0.0022621273831156525,9.750372989476953e-05,0.00013294070025298845
0.002391321683340452,0.00016564394215829475,0.0001574951607402895
0.00252156900947427,0.00025281654766728067,0.0001837056816592042
0.002652500133281422,0.00035950950170154743,0.0002114571478148639
0.0027837400305643282,0.0004861340590110219,0.000240631560858774
0.002914902426117003,0.0006330178373221558,0.0002711077928624061
0.0030455910083721565,0.0008004007218288502,0.00030276197065903234
0.0031754005972996664,0.000988430915888651,0.0003354678597817427
0.0033039183877788163,0.0011971612380352289,0.0003690972506660404
0.0034307252631425433,0.0014265456860166634,0.0004035203457094263
0.0035553971764970033,0.0016764362912712687,0.00043860614610570026
0.003677550725970044,0.0019466661835046489,0.0004742228373959496
0.0037972424240178358,0.0022378984219385435,0.0005102381727092933
0.003914052313032502,0.0025498713737328654,0.0005465200581733089
0.004027574140900126,0.002882237415804915,0.0005829390593439075
0.004137400634314294,0.0032345351604432383,0.0006193666962697307
0.004243125380478725,0.0036061875167726133,0.0006556757962297851
0.004344344374558339,0.003996499371350899,0.0006917408139624904
0.004440657632290609,0.00440465569928267,0.000727438144120171
0.004531670850068175,0.004829720116862386,0.0007626464240905235
0.004616997106787927,0.005270633911099378,0.0007972468267381918
0.004696258600847617,0.005726215581913453,0.0008311233426505423
0.004769088415110274,0.006195160933832904,0.0008641630515313602
0.00483513475219325,0.006676058276288327,0.0008962565571529474
0.004894122695994028,0.007167763367312299,0.0009273026307286743
0.004945726419112006,0.007668638708281797,0.0009571992147183019
0.0049896415092263125,0.008176936957703556,0.000985848850777609
0.005025582783905116,0.008690793922008368,0.0010131583116670703
0.005053286106702728,0.009208232599067983,0.0010390388019610554
0.005072510096187237,0.009727167713339218,0.0010634061402069132
0.005083037798174342,0.010245411128288901,0.00108618093021463
0.00508467379734082,0.010760681248725264,0.0011072893030738072
0.005077203272176233,0.011270640224750774,0.0011266686233445745
0.005060496778607789,0.011772832172431812,0.001144254360946599
0.005034456572971542,0.012264726636542283,0.001159987206885926
0.004999017202391562,0.012743731106100262,0.0011738132505588691
0.0049541466820583685,0.013207202465767238,0.0011856840918533682
0.004899847598772967,0.0136524595657094,0.0011955569471909316
0.004836158114436157,0.01407679691465396,0.0012033947475099773
0.004763152867882355,0.014477499506829205,0.0012091662285924865
0.004680943775523527,0.014851858784459526,0.0012128460141727741
0.004589680733430829,0.015197189728716427,0.0012144146922744752
0.004489552225843125,0.015510849062142248,0.0012138588852213966
0.004380785847651348,0.015790254534546175,0.0012111713137617564
0.004263648751152139,0.016032905252188166,0.0012063508557332305
0.00413844803026984,0.016236402996693645,0.00119940259967846
0.004005531058488449,0.01639847446557364,0.0011903378937964905
0.003865285799880229,0.016516994350469976,0.0011791743905857348
0.0037181411158271303,0.01659000915233143,0.0011659360874976383
0.0035645670932595306,0.016615761614709183,0.0011506533638780338
0.003405075423430407,0.016592715637311788,0.0011333630144245708
0.003240219863342995,0.016519581511994785,0.0011141082793340073
0.003070588078105556,0.016395350797486247,0.0010929403123753002
0.0028967692827760265,0.0162193601420378,0.001069923916194768
0.0027194472264384785,0.01599121706159089,0.001045122538146931
0.0025393530569860112,0.015710871894025098,0.00101860599526203
0.002357266275826629,0.015378644377618851,0.0009904505345416253
0.00217401659608552,0.014995246228058649,0.0009607388284661001
0.001990526811191911,0.0145623487445962,0.0009295645044528625
0.0018077605458293273,0.014081890037415687,0.0008970262175494667
0.0016267126928048777,0.013555897313892024,0.00086322647489047
0.0014484391397784867,0.012986853638771756,0.0008282744170151109
0.0012740588322316122,0.012377699756397936,0.0007922854209031813
0.0011047578574269962,0.011731841155424026,0.0007553810447610497
0.0009417939892381339,0.011053151392867867,0.0007176889599696303
0.0007868531820186406,0.010349323981905988,0.000679342872554957
0.0006413802561845113,0.009625972845468766,0.0006404824326756319
0.0005067699065068243,0.008888057636434875,0.0006012568143725767
0.000384483884361461,0.00814088672101273,0.000561821761036611
0.0002760502646710507,0.0073900711948488565,0.0005223381520863638
0.0001834603506032513,0.006646644183262033,0.00048297173401858176
0.00010819921644722183,0.005917111805185074,0.00044389282073676635
5.165209036536811e-05,0.0052068244025039265,0.00040528188698215554
1.5216677764386186e-05,0.004521154042327061,0.00036732371935545494
3.2764291491698905e-07,0.003871927099715978,0.0003301990944992269
7.729540098462764e-06,0.0032661176782193616,0.0002940943231520659
3.786099312718115e-05,0.002706358066696547,0.00025920869935412396
9.105690191502624e-05,0.0021949833052192793,0.00022574418727483312
0.00016754278193345949,0.001734026239593857,0.0001938990355517419
0.00026743000168123174,0.0013252077270339078,0.0001638666522052117
0.0003886783597879803,0.0009752124713228606,0.00013583697962777554
0.0005299004136460272,0.0006826990151573385,0.00010999005668584399
0.0006896990873964215,0.0004455588076406578,8.65056175056947e-05
0.000866582245927594,0.000261524787907853,6.55508671941138e-05
0.0010589739414920472,0.00012820329286043343,4.7278394392932074e-05
0.0012652280156604165,4.309469817907293e-05,3.1825225780992055e-05
0.0014836420217726246,3.613256134782635e-06,1.9312007204564694e-05
0.0017124712758863755,7.106211423955134e-06,9.842284062892486e-06
0.0019499428837308238,5.0872083623461695e-05,3.501885042604683e-06
0.002194269598079549,0.00013217801887640388,3.5841351572205184e-07
0.002444097123532137,0.00024845591613769453,4.6013480661495957e-07
0.002698053977465413,0.00039726062843874053,3.83159178500872e-06
0.002954470468627661,0.0005760636278690045,1.0477291961770735e-05
0.003211690038602646,0.0007823273963739188,2.0383642288120094e-05
0.0034680856960113762,0.0010135208678032418,3.35190583406162e-05
0.003722070636328222,0.0012671318648600075,4.9834129491213614e-05
0.0039721081188085145,0.0015406784804019465,6.926189111975961e-05
0.004216720626153478,0.0018317194563799448,9.171820171772634e-05
0.004454498252575285,0.0021378635638901983,0.00011710222264823437
0.004684106275653555,0.0024567779964012704,0.00014529699763753543
0.0049042918786561095,0.002786195797459556,0.0001761701283193775
0.005113890001036867,0.0031239223522349113,0.00020957454142482066
0.005311828305433921,0.0034678409790888606,0.00024534934251836985
0.00549713125953699,0.003815917662958192,0.0002833207505349183
0.005668923340563544,0.00416620497679282,0.00032330310677821587
0.005826431378688,0.004516845240632398,0.00036509995150653044
0.005968986063541246,0.00486607297022715,0.0004085051607601784
0.0060960226447930674,0.005212216668488951,0.00045330413568297215
0.006207080863821964,0.00555370001359132,0.0004992750362584725
0.006301947121656589,0.0058892329996944656,0.0005461866974948378
0.006380595526683513,0.00621775204341087,0.0005938007389753124
0.0064428174177469525,0.006537921122195961,0.0006418821001340453
0.006488493694853631,0.0068484811780053995,0.0006901946615851439
0.0065175974398442305,0.007148258462709822,0.0007385018202961459
0.006530191461922698,0.007436164954767294,0.000786567723034317
0.00652642529356809,0.007711198258048491,0.0008341585120301497
0.0065065317570121945,0.007972441192812731,0.0008810435517319011
0.006470823147342727,0.008219061115974778,0.0009269966286024227
0.006419687077309826,0.008450309001455865,0.0009717971168726823
0.006353582028735206,0.008665518309105051,0.001015231103512216
0.006273032654856926,0.008864103668390353,0.0010570924660487343
0.006178624877013693,0.009045559400733255,0.001097183897280738
0.006071000817825307,0.009209457902031173,0.0011353178713739676
0.005950853611506258,0.009355447904613729,0.0011713175463098893
0.005818922130201003,0.009483252635641521,0.0012050175981572213
0.0056762498076729,0.009593144181708941,0.001236255120565765
0.0055237807466032365,0.009685260004884627,0.0012648842306968305
0.005362369993979999,0.00975960435904458,0.0012907776290009213
0.005192888082071807,0.009816235835790431,0.0013138228985445867
0.00501621816441442,0.009855269609420245,0.0013339224803132596
0.004833251167045676,0.009876874989324384,0.0013509940057157637
0.004644881087093672,0.009881272872097746,0.0013649705577252283
0.004452000497120559,0.009868733216545907,0.0013758008442736787
0.004255496268440322,0.00983957254513604,0.0013834492841031357
0.004056245523444524,0.009794151471453067,0.0013878960063018503
0.0038551118248256085,0.009732872252542747,0.0013891367652589916
0.0036529416076130352,0.009656176364578158,0.0013871827732332934
0.003450560858112836,0.009564542099979421,0.0013820604531633212
0.0032487720421642504,0.00945848218393615,0.0013738111147480357
0.003048351283593188,0.009338541408215587,0.0013624905571941427
0.002850045792348137,0.009205294280177117,0.001348168602361744
0.0026545715405424677,0.009059342685043945,0.0013309285623396107
0.0024626111834929556,0.008901313559694674,0.00131086664574721
0.002274812221829549,0.008731856576519847,0.0012880913072910935
0.0020917853998505395,0.008551641836231798,0.0012627225452989793
0.0019141033345013905,0.008361357568908497,0.0012348911521163986
0.0017422993686593434,0.008161707842984813,0.0012047379223779264
0.0015768666418009677,0.007953410282367047,0.0011724128242593492
0.0014182573706106412,0.0077371937923298864,0.0011380741388788455
0.001266882331647549,0.007513796295350588,0.001101887573045869
0.0011231105378211364,0.007283962478533553,0.0010640253505569076
0.0009875281465868463,0.007049361036199496,0.0010246331458445795
0.0008604232964595105,0.006810921233269637,0.0009838877825098695
0.0007419693172145101,0.006569324759354656,0.0009419801794815017
0.0006322988956614159,0.006325241053464693,0.00089910467488253
0.0005315062840911498,0.006079331362912937,0.0008554573824723622
0.0004396483022359311,0.005832247272095318,0.000811235194319831
0.00035674541232454305,0.005584629129798091,0.0007666348212116101
0.00028278288242883517,0.005337104515705756,0.000721851853933824
0.00021771203023522034,0.0050902867533006105,0.0006770798490001676
0.00016145153918416873,0.004844773473014268,0.0006325094427667146
0.00011388883916579214,0.004601145229512803,0.0005883274976343478
7.488154422039504e-05,0.004359964177060829,0.0005447162837739449
4.425893995987836e-05,0.004121772806927622,0.0005018526995354972
2.1823513697955224e-05,0.0038870927507686243,0.0004599075334218974
7.3525205529689374e-06,0.0036564236538399503,0.0004190447702231974
5.995790656406272e-07,0.0034302421217829123,0.0003794209436188226
1.2962901541938768e-06,0.0032090007445523252,0.0003411845372655155
9.153873509894664e-06,0.002993127200858994,0.00030447543609874394
2.3864815816025866e-05,0.0027830234462552,0.0002694244292863668
4.510452545158246e-05,0.0025790649877162454,0.00023615276598703432
7.257098481318844e-05,0.0023812327283050058,0.0002047716342156334
0.00010637913117060651,0.00218644646962884,0.00017538093598092386
0.00014639765089098132,0.0019955422456243723,0.00014807105586256636
0.00019246905887869255,0.0018093493661115944,0.0001229177270499082
0.00024441009622995854,0.0016286729806537232,9.99875707689496e-05
0.0003020126778051742,0.001454290415187489,7.933801464636651e-05
0.00036504495847739383,0.0012869478200475807,6.1017142266343e-05
0.00043325247807573044,0.0011273569572311619,4.506357996522501e-05
0.0005063593778414981,0.0009761921355257413,3.150642282541629e-05
0.0005840696822149475,0.0008340873060032639,2.0365199796095974e-05
0.0006660686398313287,0.0007016333299423433,1.1649877666284716e-05
0.0007520241176651632,0.0005793754306459837,5.360903451969803e-06
0.0008415880423432834,0.00046781083997748187,1.4892846008729106e-06
0.000934397882748975,0.00036738664974650045,1.6706265949620058e-08
0.0010300781681575142,0.00027849787734300884,9.156847524599349e-07
0.001128923729601018,0.0002009316884931565,4.14949572814405e-06
0.0012311235635219736,0.00013494385248811002,9.672222341921877e-06
0.001336398878984505,8.128439849034397e-05,1.7430236387616076e-05
0.001444462457090316,4.0649749258782605e-05,2.7363201255215542e-05
0.0015550109533080676,1.3684903755028804e-05,3.9404190716220646e-05
0.0016677258553398284,9.793599806226346e-07,5.3479955486973946e-05
0.0017822744333990225,3.0632846766832874e-06,6.951120846679521e-05
0.0018983107579710998,2.0403865092822912e-05,8.74129269505628e-05
0.002015476780688788,5.340186078829292e-05,0.00010709467057856635
0.0021334034759085316,0.00010238837254239183,0.0001284609138531069
0.0022517120403491163,0.00016762184530584538,0.00015141139201806778
0.0023707403484033813,0.000249809511686116,0.0001758414590688992
0.002490154839577744,0.0003493573959705078,0.00020164245663706104
0.0026096066819092864,0.00046659442123634233,0.0002287044009018039
0.0027287380462105012,0.0006017727544559714,0.0002569146573765573
0.0028471828527502022,0.0007550640870661613,0.0002861582397204181
0.0029645678757937804,0.0009265562519486872,0.0003163181637544053
0.003080513907588142,0.001116250078357959,0.00034727580325307367
0.0031946369825583054,0.001324056509166384,0.0003789112461086971
0.0033065496591097063,0.001549794001698404,0.0004111036498727484
0.0034158623561674375,0.0017931862339233245,0.000443731595726493
0.0035221847411638597,0.002053860138167238,0.0004766734399614167
0.0036253780617905925,0.002331884537481074,0.0005098076620825286
0.0037252776083258367,0.0026272788611162827,0.0005430132086823987
0.0038215099499330388,0.0029395501711383825,0.0005761710438188867
0.003913710746620747,0.0032681140885932884,0.0006091644658999747
0.004001518958281008,0.003612280900234586,0.0006418784311177319
0.004084578469622406,0.003971254714611605,0.000674199850017644
0.004162539578370542,0.0043441326762098074,0.0007060178641683121
0.004235060520415981,0.004729904650285763,0.0007372241140095545
0.00430180902063333,0.005127453398600299,0.0007677129968969489
0.004362463863265088,0.005535555278052376,0.0007973819150443955
0.004416716475237054,0.0059528814943081015,0.0008261315131059569
0.004464272515439744,0.0063779999427783785,0.0008538659051905102
0.004504853462730816,0.006809377669346691,0.0008804928911541873
0.0045381981952033875,0.007245383983063949,0.0009059241620658051
0.0045640880746728296,0.007684448804827901,0.0009300772600724631
0.004582326041456578,0.008124939529814794,0.0009528741876451808
0.004592710591499303,0.008564967977076057,0.0009742395475813891
0.004595064801333974,0.00900256782415844,0.0009941027452513725
0.004589236149017175,0.00943569669655372,0.0010123978886543972
0.00457509790966093,0.009862243665235882,0.0010290639266956605
0.004552550464078948,0.010280037469393348,0.0010440447747142015
0.004521522546681768,0.010686855639253184,0.0010572894306164348
0.004481972426704235,0.011080434534126993,0.0010687520817335586
0.004433889019096597,0.011458480310782697,0.001078392202733763
0.004377292922555056,0.01181868083200541,0.0010861746449379076
0.004312237383513607,0.012158718519350699,0.0010920697174044767
0.004238809186434979,0.012476284147430626,0.0010960532601618997
0.004157129472421753,0.012769091569571485,0.0010981067099743932
0.004067354490014984,0.013034893356306292,0.0010982171590303929
0.003969676284045511,0.013271497318888421,0.0010963774069407846
0.0038643233305409794,0.013476783879813336,0.0010925860064271934
0.00375156112795118,0.013648724241205154,0.0010868473030683941
0.0036316927573137904,0.01378539928986409,0.0010791714694554254
0.0035050594264153306,0.013885019164795691,0.0010695745340832297
0.00337204101547643,0.013945943399186941,0.0010580784052784138
0.003233056644368391,0.01396670153410478,0.0010447108904291685
0.0030885652838076537,0.013946014085746944,0.0010295057107442252
0.002939066435325977,0.013882813731961948,0.0010125025117235019
0.0027851009070241337,0.013776266567104336,0.000993746869473038
0.002627251714123117,0.01362579325724705,0.0009732902929418406
0.002466160160143653,0.013431265775288422,0.0009511917591553231
0.002302534645419286,0.013193127550787179,0.0009275185527393368
0.0021370935188312653,0.012911724085001007,0.0009023403925746309
0.001970603730075552,0.01258773600188513,0.0008757332950240261
0.0018038804923727425,0.012222185101165326,0.0008477791123667328
0.0016377892967310444,0.011816448934117325,0.0008185654958211383
0.0014732481860441535,0.011372273291469896,0.0007881858475270897
0.0013112303484151973,0.010891782642877828,0.0007567392655803198
0.0011527670464919067,0.010377488245755273,0.0007243304811979087
0.0009991849413902268,0.009834236390603905,0.0006910697872789314
0.0008518028074206157,0.00926693185533084,0.0006570729575138904
0.000711773731175868,0.008679105470129591,0.0006224633783000651
0.0005803078689406983,0.008074629392779755,0.0005873715349465745
0.00045866798440422936,0.0074576670869961085,0.0005519328015219334
