edge,flap,tors
0.0,0.0,0.0
0.0,0.0,0.0
7.628390382136686e-13,5.489056176844839e-09,2.8888786061345643e-10
8.56134780886871e-12,9.255984525552955e-08,4.680661610017467e-09
3.191209086258732e-11,4.864488837147855e-07,2.3836953837221988e-08
8.568395311818901e-11,1.5650655471882142e-06,7.522540641585868e-08
1.9791848334427946e-10,3.846258840472209e-06,1.8260337004195458e-07
4.1667126748364507e-10,7.97637023152277e-06,3.7551089155710454e-07
8.187657324667012e-10,1.4720034600994251e-05,6.887715846639981e-07
1.5205420968356998e-09,2.4950943068606338e-05,1.1619996823531187e-06
2.690496168860033e-09,3.964343971829691e-05,1.8391135590678933e-06
4.563690278499665e-09,5.986485276094899e-05,2.767856265927092e-06
7.457791599715785e-09,8.676847354678973e-05,3.999323697954727e-06
1.17905528380908e-08,0.00012158710914967125,5.587501087952639e-06
1.8098502573319725e-08,0.00016562714540663593,7.5888085856551124e-06
2.7056560839982808e-08,0.00022026306685007498,1.0061656725794547e-05
3.949824219830486e-08,0.00028693238799385807,1.306601261479875e-05
5.643605556642437e-08,0.0003671309571378055,1.666297767520451e-05
7.908165920136624e-08,0.0004624085994442604,2.0914377781746143e-05
1.088652819919068e-07,0.0005743650706964571,2.5882366605588427e-05
1.4745388009044592e-07,0.0007046462970228731,3.162904295516208e-05
1.9676746215239336e-07,0.0008549408790931534,3.821608286516032e-05
2.589929882433718e-07,0.0010269768419662556,4.5704387140918276e-05
3.3659522785842393e-07,0.0012225186139905985,5.415374501487998e-05
4.3232395239028455e-07,0.0014433642199944436,6.362251451631804e-05
5.49216837571476e-07,0.0016913426755258863,7.416732009585185e-05
6.905974625530192e-07,0.001968311570158548,8.584276798361067e-05
8.600678148705096e-07,0.002276154828916128,9.870117969472858e-05
1.0614947449758426e-06,0.002616780641723153,0.0001127923440291682
1.2989898604785258e-06,0.0029921195514924777,0.0001281632878450216
1.5768824088537972e-06,0.003404122692037486,0.00014485806581626597
1.8996847680469034e-06,0.0038547601674716997,0.00016291756931772534
2.272050246934686e-06,0.004346019565147709,0.00018237935451231844
2.6987229916512127e-06,0.0048799045945073245,0.00020327748964887898
3.1844798988509605e-06,0.005458433844478018,0.00022564242151333378
3.7340643641882263e-06,0.006083639653399919,0.00024950080387670895
4.352109914918563e-06,0.006757567094210008,0.0002748748639507222
5.0430555148726365e-06,0.00748227306560977,0.0003017822274451405
5.8110554298518536e-06,0.008259825600638405,0.0003302362885053438
6.659881373337291e-06,0.009092303308930436,0.0003602461695077907
7.592818807189158e-06,0.009981794793128579,0.0003918166921971958
8.612558104511353e-06,0.010930398123103246,0.00042494836722941514
9.721081623635023e-06,0.011940220374826345,0.00045963740185280206
1.0919547946493665e-05,0.013013377229135826,0.0004958757251942125
1.220817471344062e-05,0.014151992624160236,0.0005336510305508464
1.3586090065143091e-05,0.01535819847110121,0.0005729459335874609
1.5051169915461925e-05,0.016634134422146327,0.0006137369587730283
1.659993240360703e-05,0.017981947884837795,0.0006559952502970276
1.822745114779034e-05,0.0194037943724697,0.000699687498650136
1.9927252151236418e-05,0.020901837761533617,0.0007447760760569117
2.169122263775163e-05,0.022478250329407205,0.0007912191735311454
2.3509534249686423e-05,0.02413521276840064,0.0008389709522468563
2.5370583427115894e-05,0.02587491419892547,0.0008879817086218452
2.7261031421362198e-05,0.027699552158918853,0.0009381994803225316
2.9165820754503596e-05,0.02961133259009297,0.0009895705812027061
3.106812634553057e-05,0.031612469444686424,0.0010420385069478306
3.2949392409017904e-05,0.03370518411680223,0.0010955439950322762
3.478940673528516e-05,0.0358917051892473,0.001150025228995212
3.656640991172136e-05,0.038174268232785726,0.0012054180513383606
3.8257281581161345e-05,0.04055511196445597,0.001261656116133743
3.9837804703941216e-05,0.043036470752629154,0.00131867098358802
4.128286665773128e-05,0.0456205768914224,0.001376392394190605
4.256666182238125e-05,0.04830966741466673,0.0014347486161963598
4.366301121273724e-05,0.05110598460823535,0.0014936666822935821
4.454574149288653e-05,0.05401177568074342,0.0015530726204916391
4.518962683933575e-05,0.057029173279567934,0.0016128871239166698
4.557154075940644e-05,0.06016001877520864,0.0016730192687424096
4.5670382592662326e-05,0.06340595822010191,0.0017333704596334027
4.546676008791122e-05,0.06676861435446962,0.001793840482432319
4.494347094865692e-05,0.07024960523734643,0.0018543278856272601
4.4086137961354225e-05,0.07385052215535855,0.00191472906431622
4.288349852759081e-05,0.07757270352938339,0.001974927268510927
4.1328317556791126e-05,0.08141722692907205,0.0020347929893091304
3.941876835857644e-05,0.08538513210178632,0.0020941947731687566
3.715946909233838e-05,0.0894774433333657,0.0021529996430285515
3.456289632609073e-05,0.09369515020331817,0.0022110782739426242
3.1650991151466155e-05,0.09803918029662244,0.002268311209151505
2.845672823329124e-05,0.10251041832394558,0.00232458529168331
2.5025781792176178e-05,0.10710973238135654,0.0023797889357694765
2.1418675431142694e-05,0.11183793278456451,0.0024338157758895225
1.7713093912042606e-05,0.11669570248283079,0.0024865702876421636
1.4005671029098805e-05,0.12168354456400886,0.002537963950533573
1.0413766526821065e-05,0.12680174961126184,0.0025879092483096773
7.077675548464708e-06,0.13205035015270825,0.0026363191621173224
4.162821799712917e-06,0.137429136533865,0.0026831076213287446
1.8621681337394209e-06,0.14293753354082894,0.0027281922556137922
3.9872673599932e-07,0.1485745226803091,0.0027714958335148814
2.558494107836882e-08,0.15433853020158422,0.0028129464196136825
1.0189351377954897e-06,0.16022738073227755,0.002852478487769208
3.6738788357487463e-06,0.1662384874771968,0.0028900334645881073
8.303239525810261e-06,0.17236857759325444,0.002925564904572829
1.5235774432206813e-05,0.17861371549782845,0.0029590429284384106
2.481502569058362e-05,0.1849696476296747,0.002990450584322704
3.739893916098635e-05,0.19143186955494979,0.0030197750274395746
5.336136536434758e-05,0.19799556956265546,0.0030469803539988805
7.309216747075009e-05,0.20465513073708513,0.0030719982394088147
9.699283391073031e-05,0.2114035263940241,0.0030947496516543823
0.00012547179879292004,0.2182323766124916,0.0031151636553010367
0.0001589432403398361,0.22513285190147114,0.0031331945680397894
0.0001978286238580153,0.23209657027638994,0.0031488326615031594
0.00024255075852455292,0.2391157320185855,0.0031620917661968977
0.0002935288504848882,0.2461826827566539,0.0031729928785558057
0.0003511803747253872,0.2532895783381212,0.0031815624669668534
0.0004159189853372874,0.26042835752012505,0.003187831725950607
0.0004881526081732501,0.2675907639139048,0.003191836408887707
0.0005682813650019833,0.27476832889174385,0.0031936157566179115
0.0006566938174937005,0.2819521345268177,0.003193207813740178
0.0007537646760053337,0.2891328606649314,0.0031906499964226218
0.0008598554151797377,0.29630089643093166,0.003185975467326732
0.0009753133243438443,0.30344631696744373,0.0031792108560817277
0.001100479139640259,0.31055949985287884,0.0031703801948904254
0.0012356926492083252,0.3176313836459047,0.0031595054159071676
0.001381290508339012,0.32465385068038005,0.0031466279859761626
0.0015375998553386059,0.3316195911588261,0.0031318144047883813
0.0017049176034940317,0.3385209835075875,0.0031151451623061682
0.0018835008077142626,0.3453495359536162,0.0030966998949516172
0.002073568908745738,0.35209583307122594,0.0030765435494587616
0.0022752934577805013,0.3587494687577936,0.003054731295984742
0.0024887777635811967,0.36529942139251415,0.003031339592519134
0.0027140412832306593,0.3717345831278044,0.003006490052584058
0.0029510056415573693,0.37804340641168493,0.0029803377426796114
0.0031995004743078487,0.38421401970195906,0.0029530526638493772
0.003459273137474734,0.3902337945530198,0.002924782584204688
0.003729981502421193,0.3960889123637998,0.002895640188078326
0.004011169369635674,0.4017646666408265,0.002865731857199474
0.004302200494685418,0.40724479282791,0.0028351830522841347
0.004602225324851012,0.4125115321700479,0.0028041485528902074
0.004910031818089442,0.41754493250162833,0.002772883162478868
0.005224085401728402,0.422323638813804,0.002741706031266165
0.005542944126352041,0.4268286904023306,0.0027108355234599217
0.005865251818305392,0.4310431552597681,0.0026804076020025412
0.006189513349843128,0.43495024751979094,0.002650556057010164
0.006514100487805167,0.43853365355819424,0.00262141300905925
0.006837256692573342,0.4417776470148462,0.002593109334669392
0.00715709551892016,0.4446670056883672,0.002565775036257279
0.007471642081395478,0.4471878391014023,0.0025395392642063113
0.007778853834203685,0.44932784355737937,0.002514530350727951
0.008076607143785948,0.4510757881647228,0.002490875628017539
0.00836278745474152,0.45242277212878473,0.0024687012352728353
0.008635309765163223,0.45336219945825873,0.002448132180127709
0.008892159987261249,0.45388987553094245,0.0024292923466030327
0.009131538932392644,0.4540055128050702,0.0024123046148472136
0.009351809041209833,0.4537114454948654,0.0023972903341887013
0.00955141183394669,0.45301115788514407,0.0023843682678185455
0.009729045687603206,0.4519110623173082,0.002373654213980778
0.009883796870339225,0.4504215312963899,0.00236526124400316
0.010015004165464901,0.4485549070436803,0.0023592995683631387
0.0101221630622883,0.4463242076181519,0.0023558759370670163
0.01020492607809846,0.4437430194853197,0.0023550936168747097
0.010263102270640126,0.4408254175959587,0.0023570528076586185
0.01029665528597428,0.4375858880630692,0.0023618510563809996
0.010305684033458504,0.43403909942045205,0.0023695826083229535
0.010290398233044729,0.4301996546772065,0.0023803375090835333
0.010251129513283155,0.42608220328747476,0.0023942030805596762
0.010188346059231579,0.42170158261403384,0.0024112656525348583
0.01010264616761881,0.4170727602052256,0.002431610853632503
0.00999475066666124,0.412210774680649,0.0024553237517782323
0.009865494503334122,0.40713067971725825,0.002482488936883571
0.009715817616550127,0.40184749136213044,0.0025131905463449877
0.009546755217052807,0.39637613875926087,0.0025475122315397206
0.009359427595863336,0.3907314183392598,0.002585537064114054
0.009155025238003846,0.384927909511729,0.0026273471825058376
0.008934776150259992,0.3789797263922567,0.002673022544942079
0.008699942152513343,0.3729005513127436,0.0027226408938599523
0.008451832782904074,0.36670384082214624,0.002776278620242315
0.00819179520275453,0.36040280022157295,0.0028340104844075905
0.007921203935304998,0.35401035583229445,0.0028959091663872025
0.007641450758727367,0.34753912994930075,0.002962044764879491
0.007353934840333587,0.34100141851633314,0.0030324842526539752
0.00706005319148491,0.33440917143163973,0.0031072908928217883
0.006761191515366248,0.32777397538105996,0.0031865236207093803
0.006458715511977727,0.32110703908721244,0.0032702363964580675
0.006153962696599259,0.3144191808577284,0.0033584775338086005
0.005848234779727486,0.30772081831141324,0.003451289010814148
0.005542790648188687,0.3010219601587588,0.0035487057684535487
0.005238839978900298,0.29433219991222764,0.0036507550032891943
0.004937537508690437,0.28766071140199206,0.0037574554604289504
0.004639977975775221,0.2810162459742004,0.0038688167331100685
0.00434719174101805,0.274407131251185,0.003984838575224445
0.004060141090019912,0.267841271336182,0.004105510233051287
0.003779717210472801,0.2613261483489477,0.0042308098023553665
0.0035067378330949353,0.2548688251830104,0.004360703616849795
0.0032419455188926775,0.24847594938004972,0.004495145673813646
0.00298600657048621,0.24215375802194902,0.0046340771023992
0.0027395105408093484,0.23590808354631024,0.004777425679865263
0.002502970308657124,0.22974436039656188,0.004925105400634272
0.0022768226873066074,0.22366763242315754,0.0050770161026961625
0.0020614295297692073,0.21768256095766902,0.0052330431554750145
0.0018570792921318868,0.2117934334867878,0.00539305721283897
0.0016639890148901037,0.20600417285828349,0.005556914034474442
0.0014823066811412064,0.20031834695581555,0.005724454378366312
0.0013121139099643599,0.19473917878409958,0.005895503966630526
0.0011534289432288075,0.18926955691028272,0.006069873526438927
0.0010062098844103326,0.1839120462114602,0.006247358907262221
0.0008703581487191255,0.17866889888205953,0.006427741275140018
0.0007457220849116874,0.1735420656583245,0.006610787384170066
0.0006321007305348888,0.16853320722034731,0.006796249924897496
0.0005292476639926233,0.16364370573503093,0.006983867948780873
0.0004368749186947652,0.1588746765060253,0.0071733673674204785
0.00035465692660569746,0.15422697969907437,0.007364461524756756
0.0002822344607182388,0.1497012321133609,0.007556851839988889
0.00021921854830235645,0.14529781897135047,0.0077502285185246395
0.00016519432918237514,0.1410169057013384,0.007944271327858698
0.00011972483574969184,0.13685844968840297,0.008138650434887634
8.23544608253863e-05,0.13282219959852493,0.0083330271221143
5.261140314589832e-05,0.12890761143310545,0.008527053300688724
3.001305108824305e-05,0.12511387732729468,0.008720372588562588
1.4071441952008166e-05,0.12144003746264857,0.00891262288646806
4.296168780029614e-06,0.11788499367061572,0.009103437646880824
1.970722670784985e-07,0.1144475203592751,0.009292447018505137
1.2867469275058961e-06,0.11112627513514745,0.009479279011908244
7.082860481874066e-06,0.1079198091706172,0.009663560686447477
1.7110286633065065e-05,0.10482657730788064,0.009844919352910637
3.0903052874205704e-05,0.10184494788925967,0.010022983786067368
4.80061062937722e-05,0.09897321230418318,0.010197385441315978
6.797690151354601e-05,0.09620959424362983,0.010367759669634954
9.038681591517819e-05,0.09355225865332187,0.010533746925107142
0.00011482239818453887,0.09099932037745836,0.01069499395937392
0.00014088645693492263,0.08854885248528917,0.010851154997497362
0.00016819899676606884,0.08619889427335758,0.011001892889856502
0.00019639800958280672,0.0839474589367887,0.01114688023488028
0.00022514012934202874,0.08179254090357022,0.011285800467620276
0.0002541033977443864,0.07973206761213064,0.011418346988940743
0.0002829890377139588,0.07776389083895724,0.01154422347517248
0.0003115198539057663,0.07588585220012617,0.011663146877701955
0.00033943945364864537,0.0740958094795933,0.011774849196433877
0.00036651208904947183,0.0723916420405919,0.011879078406854492
0.00039252243936493996,0.07077125539083795,0.011975599270864968
0.00041727532975716064,0.06923258538091741,0.012064194081305537
0.00044059539396429815,0.06777360205062448,0.012144663339288545
0.000462326688118241,0.06639231312698998,0.012216826362006892
0.0004823322624234707,0.06508676717805471,0.01228052181899436
0.0005004936968762615,0.06385505642706218,0.012335608195179327
0.0005167106066606573,0.06269531923236978,0.012381964179441382
0.0005309001223131985,0.06160574223900569,0.012419488977745991
0.0005429963492080211,0.06058456220841911,0.012448102550295118
0.0005529498103824762,0.05963006753358878,0.012467745772489883
0.000560726876205641,0.058740599447259706,0.012478380519851713
0.0005663091838919965,0.05791455293167198,0.012479989677391471
0.0005696879635684813,0.057150463158327565,0.012472577025660304
0.0005708481549157723,0.05644726302377746,0.01245616695464087
0.0005697737828242717,0.055804182701113786,0.01243080411048487
0.0005664638821219917,0.0552204804193176,0.012396552480371468
0.0005609325506020446,0.054695443989931355,0.012353494488539602
0.000553209027108986,0.05422839290620833,0.01230173066797329
0.0005433377227301023,0.05381868011454998,0.012241379289253925
0.0005313782022214461,0.05346569344268099,0.012172575935849647
0.0005174051150175783,0.05316885668250404,0.012095473027618731
0.000501508075114632,0.052927630327189085,0.012010239294724077
0.0004837914890177053,0.05274151196336447,0.011917059204331188
0.00046437433086043663,0.05261003632058452,0.011816132342620295
0.00044338986374072725,0.052532774981548465,0.011707672754788557
0.00042097336046658144,0.05250959334412601,0.01159190864183948
0.00039726293678004547,0.05254066423275149,0.011469081635151486
0.00037241265263452213,0.05262621086460856,0.01133944505127152
0.00034659316357250794,0.05276649313470694,0.011203262491504214
0.0003199916905116413,0.05296180782600622,0.011060807040639196
0.00029281192567475064,0.05321248826974032,0.010912360490532184
0.0002652738549336802,0.05351890364481064,0.01075821254941479
0.00023761349283124152,0.05388145790853338,0.010598660039317824
0.00021008203754274685,0.054300605700030403,0.010434006084258861
0.00018294227993325245,0.05477697848073373,0.010264559291850186
0.00015646996133542916,0.05531136769755263,0.010090632896851979
0.0001309573333788029,0.05590459957641504,0.009912543658482336
0.00010671259296897488,0.05655753609385397,0.009730610812106322
8.405931882093535e-05,0.05727107277485031,0.009545155285038956
6.333579302722822e-05,0.05804613615529985,0.009356498920105262
4.4894206319736294e-05,0.05888368083970095,0.009164963710435894
2.909974444825725e-05,0.059784686150252,0.008970871047449987
1.6329544660476628e-05,0.060750153839592605,0.008774540983998786
6.971163857832353e-06,0.061781203191513985,0.008576291514556026
1.4223945858928683e-06,0.06287906834513073,0.008376437871795709
9.09757526778731e-08,0.06404499901350265,0.008175291682690895
3.3932034297028125e-06,0.06528025845636894,0.007973160163937783
1.175244424903331e-05,0.06658611832980381,0.007770345511839466
2.5597522968543917e-05,0.06796385315694511,0.0075671443168278864
4.536098660584713e-05,0.06941473433845004,0.0073638470055222985
7.147724797243186e-05,0.07094002370096991,0.007160737311215564
0.0001043806123769789,0.07254096658100403,0.006958091773666469
0.00014450326856709893,0.07421879264902459,0.006756179187623842
0.0001922733460761565,0.07597472682069763,0.006555259993225501
0.0002481127124823641,0.07780997381173946,0.006355585962489115
0.0003124344957475945,0.079725691950946,0.006157399984313917
0.0003856406489327511,0.08172298448146748,0.0059609357046485215
0.00046811942987350595,0.08380288994121306,0.0057664172208809214
0.0005602424349839096,0.08596637453221788,0.0055740584345535275
0.000662361758591523,0.08821432195486505,0.005384062809171545
0.0007748075932495342,0.09054751984943887,0.00519662357384386
0.0008978855705665039,0.0929666479247681,0.0050119235973306985
0.0010318740434924806,0.09547226611928988,0.004830135241919428
0.0011770213665431915,0.09806480239316288,0.004651420247789582
0.0013335570838612547,0.10074469269230718,0.004475914698083783
0.0015017096293710092,0.10351254323432872,0.004303714672461602
0.0016816959184237468,0.10636896904664425,0.00413489529322896
0.0018737042736187211,0.10931441699436037,0.003969528806816465
0.0020778915701204124,0.11234915804481276,0.0038076843115315852
0.002294379948694308,0.11547326956206164,0.0036494276752185154
0.0025232534512068527,0.1186866172724111,0.0034948214203580157
0.002764554556887412,0.12198883645152162,0.0033439246009168365
0.0030182806268600217,0.125379312383139,0.0031967926704429984
0.003284380263713054,0.12885716012309653,0.003053477342027716
0.003562739178088336,0.13242111711692087,0.0029140342574281164
0.003853170645784997,0.13606949026241458,0.0027785242304509653
0.004155422820911789,0.13980023711157244,0.0026470023514356678
0.004469181577168937,0.14361099235210212,0.0025195134283335138
0.004794068269104405,0.14749905040503927,0.0023960921402769045
0.0051296376790435135,0.15146134974694708,0.002276763261456871
0.005475376132838306,0.15549445759248443,0.002161541909166125
0.005830699800303183,0.15959455511810883,0.0020504338134778866
0.006194953191254369,0.16375742336096413,0.0019434356076987666
0.006567407857483872,0.1679784299390544,0.0018405351387490647
0.006947250986916724,0.172252452137537,0.0017417158384006198
0.007333557982279254,0.17657371165161298,0.0016469656071305778
0.007725289506171137,0.18093577518651993,0.0015562740138508183
0.008121303784537546,0.1853316370115593,0.001469625064482199
0.00852035284437452,0.18975369684339938,0.0013869972239995098
0.008921079259222035,0.19419374456503333,0.0013083634572854533
0.009322013106758637,0.1986429468947081,0.0012336913300402136
0.00972161549894997,0.20309206669064409,0.0011629347237086564
0.01011839419469459,0.20753200824932752,0.0010960160452584417
0.010510890359775111,0.21195369625910485,0.0010328357688534045
0.010897593621763683,0.21634765342726123,0.0009732912420646631
0.01127694399337504,0.2207040356728895,0.0009172772348178384
0.011647333762188917,0.22501265469600465,0.0008646863817573257
0.012007112773211868,0.22926299701107467,0.0008154099243834242
0.01235459674876072,0.23344429134572917,0.0007693383609872319
0.012688074934780934,0.2375455826118558,0.0007263619741691316
0.01300581411408546,0.2415557261901148,0.0006863715188281092
0.013306063014080159,0.24546338658034844,0.0006492588908403558
0.013587059009960744,0.24925707624574067,0.0006149177357237788
0.013847066232565507,0.25292554310076387,0.000583244072159465
0.014084395584083774,0.2564579251485232,0.0005541369209390352
0.014297388123862914,0.2598434827260639,0.0005274988662928821
0.014484418871450196,0.26307157258336017,0.0005032366103044311
0.014643982720153865,0.2661323908700887,0.0004812616056230443
0.014774718567309225,0.2690171064293329,0.00046149070551141464
0.014875353828033625,0.2717172496604712,0.0004438466789460316
0.014944806014655369,0.27422547393057123,0.00042825881979790083
0.01498229690775546,0.27653638113148643,0.000414663677042616
0.014987281994003211,0.27864582662814763,0.0004030054424457918
0.01495936939491237,0.2805501825820366,0.0003932361950557647
0.014898326813861352,0.28224634486867356,0.0003853163730092294
0.014804242933112985,0.2837328685037717,0.00037921530651180896
0.014677614302458807,0.2850105412018971,0.00037491173583449876
0.014519190803373118,0.28608120927599917,0.00037239415070465835
0.014329888486907276,0.2869471399136908,0.0003716609445328924
0.014110781101939805,0.28761098361888304,0.0003727206860963055
0.013863091237064825,0.2880757496054099,0.0003755924279648464
0.013588180462529902,0.2883447813673757,0.00038030593581162784
0.013287538580883048,0.28842173228552953,0.000386901831928896
0.012962772101256915,0.2883105414185681,0.00039543165090838634
0.012615568147340342,0.2880152445523187,0.00040595724079170675
0.01224767887937208,0.2875399251397511,0.00041855049685933797
0.011860934814410804,0.2868888709590773,0.0004332937282542364
0.01145723768506438,0.2860665932166344,0.0004502795043446086
0.011038547524863492,0.2850778064798106,0.0004696102568579382
0.010606869525144965,0.2839274082493551,0.0004913977895105971
0.010164240834193353,0.2826204591082178,0.0005157627071447218
0.00971271740815072,0.28116216352745227,0.0005428337673683282
0.00925436101881625,0.2795578513772351,0.0005727471579236693
0.008791226518484404,0.27781296017896595,0.0006056457035314017
0.008325349456156214,0.2759330181236077,0.0006416780064686089
0.007858734132926395,0.2739236278715019,0.0006809975256233484
0.007393342177216358,0.2717904511399059,0.0007237615992226982
0.006931081712908818,0.2695391940764859,0.0007701304168505395
0.0064737893668975035,0.2671755195879388,0.0008202657116658917
0.006023218942128135,0.2647050051142553,0.0008743295083086959
0.005581043036391876,0.26213321760769426,0.0009324832312216236
0.005148849713081735,0.2594657453138943,0.0009948867062452467
0.004728135211553611,0.256708186873184,0.0010616969983803007
0.004320297400369482,0.25386614001603836,0.0011330672249192028
0.003926630047272435,0.25094519077794925,0.0012091453653782322
0.003548317923368617,0.24795090323962732,0.0012900730757502278
0.0031864327513769623,0.2448888097755454,0.001375984514101954
0.002841930000700198,0.24176440179261857,0.0014670051844850368
0.0025156465252420012,0.23858312094062586,0.00156325080604179
0.0022082990334034466,0.2353503507762444,0.001664826214053789
0.0019204833735792948,0.2320714088632104,0.0017718242995034062
0.001652674612779599,0.22875153929207523,0.0018843249934975752
0.0014052278807538234,0.22539590560424544,0.0020023943026418957
0.0011783799472182218,0.22200958410639982,0.002126083401153303
0.0009722514954994118,0.2185975575629305,0.0022554277851643835
0.0007868500521217564,0.21516470925568917,0.0023904464943041853
0.0006220735285881925,0.21171581740199086,0.002531141405242694
0.0004777143288368511,0.20825554992349035,0.002677496601461996
0.00035346397359496397,0.2047884595601603,0.002829477823069876
0.0002489181910903332,0.20131897932512147,0.002987032000004729
0.00016358242230708563,0.19785141829748418,0.0031500868714976604
9.687768817189492e-05,0.19438995775162043,0.003318550694162088
4.8146765710599896e-05,0.190938647622379,0.00349231204057639
1.6660620302360736e-05,0.18750140330666398,0.003671239689714776
1.6250416550192784e-06,0.18408200280251077,0.0038551826100692754
2.187611121029345e-06,0.18068400870964021,0.0040439693857576234
1.7446298820943333e-05,0.17731075680428043,0.00423740820056214
4.645736168279027e-05,0.1739654295349873,0.004435287729059773
8.8242248362759e-05,0.17065106527187235,0.004637377648865081
0.00014179436497744949,0.167370558111724,0.004843429113271985
0.00020608572464036746,0.16412665771988275,0.005053175301605152
0.00028007344506057855,0.160921969450161,0.005266332054355272
0.00036270606100796156,0.15775895474905713,0.005482598590275542
0.00045292962141872445,0.1546399318435546,0.005701658301861486
0.000549693543935174,0.15156707671072678,0.0059231796252533515
0.0006519562027215535,0.14854242432635717,0.006146816980256722
0.0007586902284485104,0.14556787018868997,0.006372211775862811
0.0008688875023681171,0.14264517211225974,0.006598993476366561
0.0009815638293873038,0.13977595228554407,0.006826780722928116
0.0010957632779692976,0.13696169958494409,0.0070551825052027235
0.001210562177531246,0.13420377213635662,0.007283799377476045
0.001325072766744458,0.13150340011436978,0.007512224713585912
0.001438446488765992,0.1288616887679127,0.007740045994788125
0.0015498769319235086,0.12627962166003245,0.007966846124633286
0.0016586024167270666,0.12375806410837696,0.008192204764862111
0.001763908232282536,0.12129776681194085,0.008415699686299525
0.001865135125261988,0.1188992954086788,0.008636906285998563
0.0019616822197336013,0.11656303031379647,0.008855398656324578
0.0020530018293244377,0.11428924840891863,0.009070752854495186
0.0021385993373480247,0.11207813604512737,0.009282548604887864
0.0022180334553541124,0.10992979338372995,0.009490370683769516
0.002290916213498924,0.1078442385817436,0.009693810264311152
0.002356912687277619,0.10582141201242655,0.009892466233619574
0.002415740476182074,0.10386118051020735,0.01008594647702785
0.0024671689504577494,0.10196334162427886,0.010273869124533567
0.0025110182824481194,0.10012762786513835,0.010455863754506096
0.002547158279191517,0.09835371092860984,0.010631572550052013
0.0025755070329845408,0.09664120588224683,0.010800651403711935
0.0025960294065564818,0.09498967529947869,0.0109627709664606
0.002608735369320361,0.09339863332741542,0.011117617637293506
0.002613678200887256,0.09186754967487018,0.011264894490005038
0.002610952577662547,0.09039585350787342,0.01140432213409395
0.002600692557894335,0.08898293724074396,0.011535639507070476
0.00258306948002633,0.08762816021162954,0.0116586045957818
0.0025582897886299843,0.08633085223233104,0.011772995084720734
0.002526559781158399,0.08509064251747979,0.011878608782555903
0.002488077846185714,0.08390752589853193,0.011975264083674856
0.0024430679820154895,0.08278152562487032,0.01206279993087648
0.002391786473530191,0.08171261553972986,0.01214107544491947
0.002334520397942671,0.08070072420183466,0.012209970073180766
0.0022715860914654523,0.07974573915321145,0.012269383835684735
0.0022033275366463824,0.07884751104106842,0.012319237507887106
0.002130114677846601,0.07800585757029935,0.012359472736830869
0.0020523416734655403,0.07722056726847511,0.012390052090745082
0.001970425093183572,0.07649140304679028,0.012410959042474702
0.0018848020680988097,0.07581810554199832,0.012422197887380465
0.001795928401219166,0.07520039622597141,0.012423793596592257
0.001704276645342252,0.07463798027116013,0.012415791606736433
0.0016103242425510745,0.07413067875079056,0.01239825772098925
0.0015145397529030442,0.07367861138943717,0.012371278018702764
0.0014173944581933708,0.07328206408968249,0.01233495802818755
0.001319375593505274,0.07294130879952175,0.01228942142219258
0.0012209846646427846,0.07265660874198608,0.01223480918269601
0.001122736029997427,0.07242822085105455,0.012171279089784463
0.0010251554351221426,0.07225639796165167,0.012099005170581713
0.0009287785035221745,0.07214139070048081,0.012018177109061378
0.0008341491851100941,0.07208344906358105,0.011928999618866001
0.0007418181637702714,0.07208282366751197,0.011831691781443818
0.0006523359820335283,0.07213988930222946,0.011726486351902259
0.0005662517998967782,0.07225518203923771,0.0116136290350545
0.00048411865686330893,0.07242927936860925,0.011493377509477296
0.00040649359469073265,0.07266276716975392,0.011366000370535378
0.00033393611878429556,0.07295624076966647,0.011231776288474845
0.0002670066553894468,0.07331030486365918,0.011090993218919022
0.00020626495615272015,0.07372557306273536,0.010943947600039734
0.0001522684509751172,0.07420266703912114,0.010790943539147623
0.00010557054961795672,0.0747422152603875,0.010632291991134274
6.67188928384679e-05,0.07534485130356505,0.010468309931212564
3.625295167942294e-05,0.07601128591354571,0.010299319524381113
1.4703124586842712e-05,0.0767423364434093,0.010125647294010668
2.590594763135842e-06,0.07753885258509563,0.009947623171304902
4.259015788713616e-07,0.07840168521152226,0.009765579507552568
8.707080218051953e-06,0.07933168383446092,0.009579850222995895
2.7917762022419632e-05,0.08032969279564108,0.00939077001652201
5.8525226132007555e-05,0.08139654700252845,0.009198673587045382
0.00010097840578706837,0.08253306718156424,0.009003894868972467
0.00015570585303838086,0.08374005464654688,0.008806766283548493
0.00022311366619428302,0.08501828558092976,0.008607618007834264
0.0003035833849181289,0.08636850483466968,0.008406777262975857
0.00039747008697813897,0.08779143533808656,0.008204567461626544
0.000505100520494364,0.08928778051859008,0.00800130746196264
0.0006267708793292793,0.09085820107574519,0.0077973110854082745
0.0007627445567620415,0.09250329814074372,0.0075928865687766856
0.0009132499941981113,0.09422360495008357,0.0073883359660163244
0.0010784785292471712,0.0960195778380376,0.007183954588588897
0.0012585822590231268,0.0978915867930948,0.006980030473983933
0.001453671406406458,0.09983990782070942,0.00677684352912906
0.0016638120734453472,0.10186471272201557,0.006574665090995672
0.0018890246636087081,0.10396605599517837,0.006373757877324906
0.002129281949838374,0.1061438636027748,0.006174375591414265
0.00238450718639008,0.1083979216337495,0.005976762542631977
0.0026545722960749575,0.11072786468955018,0.005781153298525834
0.0029392961437026636,0.11313316403224374,0.005587772368846426
0.003238442906060364,0.11561311554100559,0.0053968339217554395
0.0035517205486880732,0.11816682752825292,0.005208541532420313
0.003878779419578539,0.12079320847170291,0.005023087964125134
0.004219220219478799,0.12349101496232377,0.004840649328375797
0.004572602734948256,0.1262588911260227,0.0046613809896369745
0.0049384337058073135,0.12909527259670137,0.0044854265152386155
0.005316153158979256,0.13199829954431727,0.004312924724711037
0.005705131362289188,0.13496580131809105,0.004144009287995023
0.006104665530809659,0.13799527694246588,0.003978808404474562
0.006513976546800356,0.14108387569309364,0.0038174444765600797
0.006932205688265907,0.1442283776754425,0.0036600337904998063
0.007358411383413622,0.14742517455188126,0.0035066862073834465
0.007791589323570734,0.15067036833273773,0.0033574963971185635
0.008230694147616052,0.1539598610316919,0.0032125372752001883
0.008674628715951394,0.15728927826500566,0.003071866365675502
0.009122234456450919,0.1606539115274915,0.0029355303724289358
0.009572292488802816,0.16404871550779362,0.002803565435335217
0.010023524966546581,0.1674683048398761,0.0026759973815748198
0.010474596664685733,0.17090695242005902,0.0025528420032487615
0.010924116814298291,0.1743585893699037,0.0024341053626567516
0.011370640120908318,0.1778168089641472,0.0023197839643978578
0.011812667896883604,0.18127487275103066,0.0022098649699435224
0.012248651465998697,0.18472571455634315,0.002104326748191503
0.012676996028842931,0.18816194624115268,0.002003139438910065
0.013096064773443147,0.1915758822946418,0.001906265344591809
0.013504185407026989,0.19495960011907434,0.0018136592487851993
0.013899654056465377,0.19830494702091803,0.0017252689540640618
0.01428073760676298,0.20160351712911817,0.0016410359183688823
0.014645678762556184,0.20484667264785666,0.0015608957720552785
0.014992701395374388,0.20802556669100727,0.0014847788732265594
0.015320026955556992,0.21113127284710423,0.0014126108834414859
0.015625906695749966,0.2141550546413219,0.0013443133631965655
0.01590862315429315,0.2170883181967304,0.001279804349554792
0.016166477571587866,0.21992243204750891,0.0012189988748397967
0.016397799124466168,0.22264876490806318,0.0011618095473285544
0.01660101603486055,0.22525921521146966,0.0011081472299864052
0.016774686324143275,0.22774638677835213,0.001057921732556006
0.01691745408257884,0.2301031614593223,0.0010110423616930492
0.017028048135597645,0.23232262996266925,0.000967418460434439
0.017105470492697873,0.23439935732395853,0.0009269603734916278
0.01714902519407656,0.23632949114559249,0.000889580184006098
0.017158161792010934,0.23810957396356533,0.0008551918372192397
0.017132477812763194,0.23973651042746968,0.0008237115374266779
0.017071724525244567,0.24120757547775143,0.0007950585258750766
0.016975966389719203,0.24252138407441987,0.0007691557905971175
0.016845665824729992,0.2436783747766503,0.0007459307891999147
0.01668153100031843,0.24467981333659794,0.0007253159779338446
0.016484431989664733,0.24552726214144988,0.0007072491549624091
0.016255393458051402,0.24622255207450117,0.0006916740115565658
0.015995587093365123,0.24676776521121524,0.0006785407734868898
0.015706323119136643,0.2471652176907675,0.0006678067825207912
0.015389040973180518,0.24741744262560547,0.0006594370090490116
0.015045299242503009,0.2475271731535044,0.0006534044925272275
0.014676761277811609,0.247497303843458,0.0006496906052138192
0.01428515939305174,0.24733072790479926,0.000648284655082024
0.013872289286818452,0.2470303521108804,0.0006491842276549776
0.013440025078895421,0.24659924036112546,0.0006523960655155502
0.012990307933731566,0.24604060276365894,0.0006579361423596278
0.012525134141556921,0.24535778169968706,0.0006658296076447702
0.01204654304266623,0.24455423823246925,0.0006761106530074609
0.011556604890434512,0.2436335389842347,0.0006888223029010346
0.011057408744281318,0.2425993435197339,0.0007040161307596178
0.010551050480833504,0.24145539226485246,0.0007217519024264764
0.010039621007807297,0.24020549498072633,0.0007420971490544409
0.009525194760732797,0.23885351980633782,0.0007651266721445084
0.009009818557668128,0.23740338287567772,0.0007909219838311691
0.008495500881579887,0.2358590385092674,0.000819570685945662
0.007984201654189399,0.23422446997418656,0.000851165791788147
0.007477822558886615,0.23250368080176603,0.0008858049949126954
0.006978190655134709,0.2307006252099486,0.0009235896661251039
0.006487048762534901,0.22881918075528201,0.0009646239267440014
0.006006057278165021,0.22686321366109005,0.0010090140395258183
0.005536790789480379,0.2248366034647226,0.0010568676553772412
0.005080731527591219,0.22274323675093724,0.0011082929064255495
0.004639263481286697,0.22058700054519312,0.0011633974666027122
0.004213667233474435,0.21837177602765592,0.0012222875975202584
0.003805115534358159,0.2161014325670536,0.001285067185810374
0.0034146696195823593,0.2137798220575141,0.0013518367777435104
0.003043276275942117,0.2114107735410337,0.001422692616931568
0.00269176565183667,0.20899808809846282,0.0014977256908984885
0.002360849804476622,0.2065455339924577,0.0015770207922357427
0.002051121970967778,0.20405684204666705,0.0016606555999594127
0.001763056545815575,0.20153570124647666,0.0017486997865497282
0.0014970097431452583,0.19898575454787015,0.001841214155983671
0.001253220918030859,0.19641059488234403,0.0019382498178694585
0.0010318145177849348,0.19381376134730188,0.002039847402558777
0.000832802630889354,0.19119873557290878,0.0021460363218521634
0.0006560880984512481,0.18856893825796778,0.0022568340796257722
0.0005014681506497304,0.18592772586897444,0.0023722456363973773
0.00036863852859688845,0.18327838749805295,0.002492262831517744
0.0002571980503672986,0.18062414187698092,0.0026168638663232606
0.0001666535786468535,0.1779681345459206,0.002746012851219418
9.642534650550075e-05,0.1753134351767855,0.0028796594192857005
4.5852597197892274e-05,0.17266303505236033,0.0030177384086022704
1.4199158081473436e-05,0.17001979107964252,0.0031601691940259385
6.608636687715958e-07,0.16738640417650294,0.003306855292988343
4.373432403219706e-06,0.16476546971629635,0.003457684650470828
2.4419188364685257e-05,0.16215949517354497,0.0036125298074721358
5.983354045464259e-05,0.1595708995451155,0.0037712479775838135
0.00010961147480424309,0.1570020124403463,0.0039336811812544165
0.0001727140264671942,0.15445507329672106,0.004099656452986016
0.0002480746951146837,0.15193223073789308,0.0042689861209349025
0.0003346057713768164,0.1494355420791999,0.004441468157418486
0.00043120454254163876,0.14696697298524314,0.004616886598453217
0.0005367593484827018,0.14452839728371594,0.004795012030106565
0.000650155460920055,0.1421215969391423,0.00497560213912348
0.0007702807614086178,0.13974826218956932,0.005158402324985171
0.0008960311957740855,0.13740999184852698,0.00534314637027623
0.0010263159850625195,0.13510829377375813,0.005529557165976782
0.001160062575418861,0.13284458550334652,0.005717347488059848
0.0012962213116457636,0.13062019505893255,0.005906220821560834
0.0014337698215032193,0.1284363619147357,0.006095872228097754
0.0015717171000761419,0.12629423813010368,0.006285989252655989
0.0017091072857501177,0.12419488964229816,0.006476252865312431
0.0018450231214813268,0.12213929771522278,0.006666338433458468
0.0019785890971153255,0.12012836053880804,0.006855916719991975
0.0021089809046808314,0.1181628250803485,0.00704465333028675
0.0022354295529423726,0.11624328342460193,0.00723220946766048
0.0023572172232276503,0.11437024735053483,0.007418244601622941
0.002473678022518015,0.1125441597569593,0.007602417844235565
0.0025841991885466554,0.11076539703271564,0.007784389051239463
0.0026882220132887803,0.10903427128356777,0.007963819903401724
0.002785242481891607,0.10735103262252887,0.008140374979708669
0.002874811636832089,0.10571587151989428,0.008313722818422402
0.002956535678124006,0.10412892120354438,0.008483536961590958
0.003030075811141038,0.10259026009966525,0.008649496978729684
0.0030951478542516394,0.10109991430384085,0.008811289465552857
0.0031515216189808353,0.09965786007236953,0.00896860901381135
0.00319902007582736,0.09826402632364205,0.009121159148484504
0.00323751831917516,0.09691829713948719,0.009268653228779643
0.0032669423449525723,0.09562051425653866,0.009410815309609823
0.0032872676548142987,0.09437047953790588,0.009547380960448833
0.003298517700657358,0.09316795741572988,0.009678098038699344
0.0033007621832384466,0.09201267729557296,0.009802727414955945
0.0032941152185419404,0.0909043359140228,0.009921043647796366
0.0032787090292402065,0.08984281575642378,0.01003283551861184
0.003254672057044579,0.08882836727184153,0.01013790652172812
0.0032221536796548755,0.08786138137966494,0.010236075101514884
0.003181344709657151,0.08694219753052741,0.010327174503646485
0.003132476028341104,0.08607110609246421,0.010411052864976306
0.0030758172025892624,0.08524835133090496,0.01048757358647812
0.0030116749722602283,0.08447413433823546,0.010556615663533286
0.002940391614002842,0.08374861588602013,0.010618073966076714
0.0028623431911600347,0.08307191918245128,0.010671859467831748
0.002777937699458139,0.08244413251882313,0.010717899424191659
0.002687613118080899,0.08186531178992178,0.010756137498508294
0.0025918353755826117,0.08133548287437345,0.010786533836747237
0.002491096239909142,0.08085464386221129,0.010809065090665046
0.00238591045666015,0.0804227747616988,0.010823724399043225
0.0022767862584573634,0.08004015368274849,0.010830521687250622
0.0021642279581882435,0.0797073446108762,0.010829483510968503
0.002048763589555062,0.07942488473967702,0.010820651927614769
0.0019309426606400365,0.07919329092847686,0.010804083728027877
0.0018113344617485699,0.07901306163012456,0.010779850192503425
0.0016905262993962581,0.07888467868521412,0.010748036811787367
0.001569121664268534,0.07880860890135113,0.01070874297227283
0.0014477383369806114,0.07878530540191409,0.01066208160650768
0.0013270064355869091,0.07881520872917379,0.01060817881036286
0.0012075634725261838,0.0788988003250407,0.010547173428305226
0.0010900471329848452,0.07903671648528901,0.010479216608306991
0.0009750983051234186,0.0792296971651833,0.01040447123985391
0.0008633659342380208,0.07947847650077002,0.010323111179488356
0.0007555049737128425,0.07978378562635816,0.01023532054936363
0.0006521744801126166,0.08014635270153897,0.010141293207959498
0.0005540356523413288,0.08056690267061502,0.010041232201829642
0.0004617498201799703,0.08104615668432413,0.009935349201085667
0.0003759763845315913,0.08158483117227797,0.009823863920281041
0.0002973707119982688,0.08218363655451787,0.009707003526455586
0.0002265815400226588,0.0828432984672122,0.009585002036113644
0.0001642476965584959,0.08356464342790149,0.009458099702917517
0.00011099782997753412,0.08434857529839894,0.009326542363202147
6.745038968147883e-05,0.08519598865984238,0.009190580647151718
3.4211420623594625e-05,0.0861077683879427,0.009050469230429337
1.187239232707484e-05,0.08708478643340967,0.00890646622011646
1.0079918414214593e-06,0.08812789823320759,0.008758832540699361
2.1738859516535164e-06,0.08923793867750295,0.008607831323093456
1.5904456968216338e-05,0.09041571762790185,0.00845372729816122
4.2710516894116454e-05,0.09166201498234827,0.008296786196220105
8.307700520088347e-05,0.09297757528386466,0.008137274153993084
0.00013746070196251508,0.09436310509152933,0.00797545709966379
0.00020628816779687248,0.09581929028833493,0.007811599960246871
0.00028995362442816046,0.09734678645325238,0.007645966145905087
0.0003888165537358136,0.09894618869989835,0.0074788172060513145
0.0005031994338220103,0.10061802461130008,0.007310412272284061
0.0006333854867447354,0.10236274613582048,0.007141007544137608
0.000779616455585911,0.10418072106390236,0.006970855790713507
0.0009420901986738035,0.10607222530192069,0.006800205682448535
0.0011209582216239133,0.10803743473084443,0.006629301163145131
0.0013163236876103208,0.11007641410944571,0.006458381231813899
0.001528239616302069,0.11218910554056225,0.006287679723852104
0.0017567069664600882,0.11437531794418518,0.006117424909159376
0.002001672799223526,0.1166347163035214,0.005947839109557572
0.0022630285338153004,0.11896681064571597,0.005779138337599615
0.0025406083046304686,0.12137094479863568,0.005611531957290128
0.0028341874284333484,0.12384628496944723,0.005445222367256648
0.0031434809902147493,0.12639180819559007,0.005280404706860689
0.0034681533226989243,0.12900636968121007,0.005117259163857849
0.0038078283181934686,0.1316887555024084,0.004955945710358736
0.00416207722052735,0.1344375703720691,0.004796614768499773
0.004530404953498406,0.13725114133603622,0.004639415335620423
0.004912247142335999,0.14012750380920794,0.00448449455718235
0.005306966866317819,0.14306438281518832,0.004331997383266558
0.005713851403995757,0.1460591742436549,0.004182066208496246
0.00613210896228832,0.1491089260041875,0.004034840509109898
0.0065608654030704944,0.15221031920806072,0.003890456479622182
0.006999160981849292,0.15535964951241632,0.0037490466723448124
0.007445947115403234,0.15855280877767786,0.0036107396434369977
0.007900117174252892,0.1617854418568786,0.0034756472700204653
0.00836052975448889,0.16505303908741775,0.0033438584964222565
0.008825989143216743,0.16835081090664283,0.0032154493495359852
0.009295236856708036,0.1716736374351789,0.0030904870459970537
0.009766953029622306,0.17501606765117517,0.0029690301354811663
0.010239758019327241,0.17837231830075087,0.0028511286374451957
0.01071221424456427,0.18173627448438442,0.00273682420189846
0.011182827838485584,0.18510149288880268,0.0026261502278366925
0.011650049140163595,0.18846120983611753,0.0025191318041117884
0.012112275346635212,0.19180834725706933,0.002415786019411764
0.012567854918849377,0.19513551759992248,0.0023161224960788498
0.013015090771795027,0.1984350344213622,0.0022201436826638633
0.013452247441009618,0.2016989886266408,0.00212784495514913
0.013877555690123318,0.204919270216251,0.0020392149666243822
0.014289213929056575,0.20808752992708773,0.0019542362019449103
0.014685393177453019,0.21119520118231347,0.0018728853438573598
0.015064242249753234,0.21423352320266206,0.001795133687344511
0.015423897338269498,0.217193605961662,0.001720947576787004
0.01576252053160679,0.22006677044609765,0.0016502888657478826
0.01607830792700591,0.22284456571520134,0.0015831153836381498
0.016369470384604373,0.22551851743947454,0.0015193813077163743
0.01663424289697034,0.22808016712703147,0.0014590375791351412
0.016870942387581186,0.23052149947416986,0.0014020324579475094
0.017078012203095204,0.2328352300358262,0.0013483120959186714
0.017253991882391136,0.23501447933279263,0.0012978209894007183
0.017397502266532486,0.23705258974885104,0.001250502377516843
0.017507404910075762,0.2389441897319147,0.001206299040498607
0.017582863831598346,0.24068552545739447,0.0011651539958053142
0.01762321977429391,0.24227347646496192,0.0011270105593965555
0.017627961180259073,0.24370529477190725,0.0010918125316416976
0.01759673062894484,0.24497861126706486,0.0010595048113082465
0.017529448222236878,0.2460921734507905,0.0010300340412492156
0.017426439910912434,0.24704658658042047,0.0010033492430357037
0.01728832381775051,0.24784355107932896,0.0009794023186655717
0.017115885051321705,0.2484850681033245,0.0009581483048752366
0.016910068324944103,0.24897340424340075,0.0009395457893523012
0.01667197068253863,0.24931107269699665,0.0009235575351803236
0.016402833286383277,0.24950081479886863,0.0009101510607863217
0.01610403234768283,0.24954558164969676,0.0008992991623605604
0.01577706928932518,0.2494485159479291,0.000890980375091577
0.015423560234754996,0.2492129341296157,0.0008851793702332044
0.015045195961678045,0.24884214029915624,0.0008818863698733028
0.014643732050072885,0.24833941440399893,0.0008810974225174678
0.014221008336948865,0.24770817731888814,0.0008828155924027718
0.013778938390178287,0.2469519834102794,0.0008870511433589284
0.013319497708438072,0.24607450586578009,0.0008938215639790549
0.01284471172770433,0.2450795223433613,0.0009031515204438181
0.012356643737215038,0.24397090115792117,0.0009150727409585033
0.011857382795869297,0.24275258804689148,0.0009296238326523539
0.0113490317371835,0.24142859354380716,0.0009468500321338371
0.01083369534736429,0.24000298098036815,0.0009668028913390854
0.010313468796823759,0.23847985512975262,0.0009895399007471572
0.009790426400639603,0.23686335149674226,0.0010151240524595823
0.009266610778138104,0.2351576262536516,0.0010436233460486928
0.00874402247603773,0.23336684681514097,0.0010751102404661138
0.008224610113520688,0.23149518303976693,0.0011096610556670095
0.007710251921235486,0.22954672589219158,0.0011473550306492694
0.007202746951643131,0.2275254685984519,0.001188273555867025
0.006703818554470288,0.2254353841538698,0.0012324997888630528
0.0062151098572390834,0.22328044199262062,0.0012801180241941094
0.005738176930893708,0.2210646016939228,0.0013312129189461627
0.005274482601545451,0.21879180658009723,0.0013858686864743628
0.004825390961903247,0.2164659776953121,0.0014441682737459324
0.004392162598117602,0.21409100815783488,0.001506192527813037
0.0039759505418499545,0.2116707578663197,0.0015720193566615623
0.003577796951851802,0.2092090485401132,0.0016417228897030796
0.003198630524015184,0.2067096590736548,0.001715372643173276
0.002839264623775624,0.2041763211854674,0.0017930326956614507
0.0025003961299422672,0.20161271534293854,0.0018747608789226222
0.0021826049745222315,0.1990224669450288,0.001960607989017676
0.0018863543589197162,0.19640914274618335,0.002050617022688473
0.0016119916230413645,0.1937762475060243,0.002144822443705678
0.0013597497403407006,0.19112722085081346,0.0022432494837291684
0.0011297494086949498,0.18846543433418148,0.002345913481995289
0.0009220017042325749,0.18579418868616757,0.002452819267894911
0.0007364112628206027,0.18311671124118165,0.0025639605902326606
0.0005727799518762133,0.18043615353704942,0.0026793195966635396
0.0004308109934827485,0.17775558907881972,0.0027988663664903868
0.0003101134984589783,0.17507801126245076,0.0029225584996774813
0.00021020737004343552,0.17240633145486006,0.003050340764593388
0.0001305285352009022,0.16974337722807034,0.0031821448066436417
7.043446122304903e-05,0.16709189074632289,0.0033178889195926613
2.9209576944704103e-05,0.16445449032653797,0.0034574775720287946
6.071997619340404e-06,0.16183363254970407,0.003600800951936034
1.8140613604270128e-07,0.15923164700448092,0.0037477351912447204
1.0645945756227153e-05,0.15665077199571611,0.0038981427436939227
3.6528466504470314e-05,0.15409315521047118,0.004051872532649451
7.685276660332133e-05,0.1515608536126258,0.004208760132157329
0.00013060980251356941,0.14905583343184872,0.004368628012246528
0.00019676383517460894,0.1465799702725651,0.004531285848463346
0.00027425848189029713,0.14413504934644422,0.0046965308940863934
0.0003620226453190055,0.14172276583115076,0.004864148413113845
0.00045897629310945266,0.13934472535777043,0.005033912171811337
0.0005640360638584577,0.13700244462889996,0.00520558498632468
0.0006761206772359258,0.13469735216886766,0.005378919323596238
0.0007941561283106356,0.13243078920694712,0.00555365795257935
0.0009170806483016745,0.1302040106937461,0.005729534642520519
0.0010438494161611558,0.12801818645022273,0.005906274904877381
0.001173439007549646,0.12587440244799447,0.0060835967752597715
0.0013048515698848191,0.12377366221880098,0.006261211631623892
0.0014371187142136106,0.12171688839014991,0.006438825044814609
0.0015693051166685346,0.11970492434334024,0.00661613765743894
0.0017005118242096526,0.11773853598923219,0.006792846086964899
0.0018298792612166112,0.11581841365632234,0.00696864384887347
0.001956596411465277,0.11394510461821834,0.007143220692989882
0.0020799047431817198,0.11211901079321446,0.007316263304147781
0.0021990941551937146,0.11034046302658143,0.007487457919662369
0.0023135038003836285,0.10860973143467136,0.007656491589049174
0.0024225232666735762,0.10692702782080733,0.007823053172956153
0.002525593494818474,0.10529250794317452,0.007986834320507069
0.0026222074312398894,0.10370627381508889,0.00814753043562045
0.0027119104249982017,0.10216837603436575,0.0083048416287456
0.002794300378883333,0.10067881613359489,0.008458473650090491
0.0028690276652355144,0.09923754894283081,0.008608138800545746
0.002935794817637062,0.09784448495610597,0.008753556816668649
0.0029943560100495104,0.09649949269315207,0.008894455726264556
0.003044516335311625,0.09520240104776596,0.009030572671289037
0.003086130895166387,0.09395300161437956,0.009161654694991748
0.0031191037141545756,0.09275105098458757,0.009287459490430455
0.0031433864898031995,0.09159627300564128,0.009407756107699852
0.0031589771915548678,0.09048836099324027,0.009522325617444065
0.003165918520833871,0.08942697989132617,0.009630961728451503
0.0031642962445329287,0.08841176837201413,0.009733471357366658
0.003154213198081245,0.08744255691304424,0.009829675061142426
0.0031357685111388965,0.08651954163446077,0.009919407431953556
0.0031090821659955155,0.08564305739858179,0.010002517239871705
0.003074314539619497,0.08481339445491656,0.010078867205548177
0.0030316652093428753,0.08403080057873259,0.010148334020929585
0.0029813717358919203,0.08329548375661727,0.010210808643113675
0.0029237083176177317,0.08260761480691754,0.010266196549327774
0.0028589843209358605,0.0819673299107035,0.010314417946065291
0.002787542695531094,0.08137473303793366,0.01035540793183362
0.0027097582829674308,0.08082989825467501,0.010389116613267782
0.002626036027306112,0.08033287189827504,0.010415509174546438
0.0025368090962547374,0.07988367460847158,0.010434565900224114
0.0024425369212558654,0.07948230320357763,0.010446282151768444
0.0023437031647786685,0.07912873239206518,0.010450668298262257
0.0022407862374071515,0.07882323103543587,0.010447749976588821
0.0021342609969051923,0.07856635954397022,0.010437567928628261
0.0020246264944795743,0.07835865682822803,0.010420176870180424
0.0019124039916208258,0.0782006447274504,0.01039564470509168
0.0017981353678846912,0.07809282961307869,0.010364052265459788
0.0016823814514965439,0.07803570383591245,0.010325493024702365
0.0015657202769998634,0.07802974696102231,0.010280072779758963
0.0014487452735203752,0.07807542677610367,0.010227909303478767
0.001332063387384262,0.07817320005964096,0.010169131968478802
0.0012162909580523257,0.07832355194190035,0.010103881343836578
0.0011020456769057336,0.07852712095250301,0.010032308766053568
0.0009899489114421742,0.07878466127776845,0.009954575821950265
0.0008806313357054474,0.07909692170432685,0.009870853607905825
0.0007747308958691205,0.07946464837675918,0.009781322042255855
0.0006728909351810904,0.07988858452034732,0.009686169369191816
0.0005757582564288886,0.08036946991232202,0.009585591647314318
0.00048398112780675,0.08090804002683519,0.009479792225467349
0.0003982072347669991,0.0815050248432262,0.009368981207334358
0.00031908158078506346,0.08216114730694107,0.009253374906371941
0.00024724423587405584,0.082877126545392,0.00913319529266225
0.00018332642211209833,0.08365377940219557,0.00900866943326601
0.00012794994387475822,0.08449201420874353,0.008880028920097047
8.172764087745797e-05,0.08539272775509268,0.008747509143707097
4.526115041798776e-05,0.08635680511087257,0.008611348582865238
1.913871887340103e-05,0.08738511621347027,0.008471788251796102
3.932974730813638e-06,0.08847851211685187,0.008329071148824177
1.9866927809884043e-07,0.0896378208136372,0.008183441709439196
8.470389741416845e-06,0.09086384262702998,0.00803514526500988
2.9260250133277603e-05,0.09215734516857485,0.007884427508426871
6.305556550330095e-05,0.09351905785950003,0.007731533967912651
0.0001103165157096988,0.09494966601525785,0.007576709490193064
0.00017147399167721054,0.09644982550205448,0.007420197542828166
0.00024692749251677907,0.09802016147493735,0.007262239687965201
0.0003370427717396965,0.0996612406918522,0.007103075285213514
0.00044214952288531,0.10137355923633423,0.006942941048733229
0.0005625391135433466,0.10315753457752519,0.006782070593584664
0.0006984623487740777,0.10501349709913631,0.006620694003227162
0.0008501272746515043,0.10694168123181727,0.0064590374132600815
0.0010176966029953791,0.10894221851157398,0.006297322275360033
0.0012012854533113636,0.11101512798298897,0.00613576500729558
0.0014009596872646742,0.11316030370819921,0.005974577001119731
0.0016167340028661024,0.1153775042924404,0.005813964290618094
0.0018485701021992134,0.11766634232779925,0.005654127226839917
0.0020963749547689373,0.12002627359926255,0.00549526017324617
0.0023599991656028827,0.12245658609141559,0.005337551220877715
0.0026392354567426526,0.12495638884134863,0.005181181923959051
0.002933817270536635,0.12752460068810886,0.005026327056315782
0.003243417502873542,0.13015993897391787,0.004873154388943706
0.0035676473741743614,0.13286090825738772,0.004721824489029464
0.003906062709207844,0.13562584006537004,0.004572486113610171
0.004258168293342478,0.1384529071116419,0.00442527444355568
0.004623406827512372,0.14134003311740978,0.004280318466068661
0.005001149082071467,0.14428482759867933,0.004137745443573768
0.005390690899327428,0.14728457022181102,0.003997680565299077
0.0057912500456863735,0.15033619240146234,0.0038602466462729105
0.006201964560226887,0.15343626759578144,0.003725563188049845
0.006621914758370717,0.15658113225053247,0.003593736063707105
0.007050131640578797,0.15976691003872764,0.003464855644280156
0.007485582148383581,0.1629894131735386,0.00333900423785691
0.007927169978475432,0.16624413996946483,0.0032162561912554627
0.008373736564114703,0.16952627016613095,0.003096677962668971
0.008824062272952399,0.17283066158562152,0.0029803282140119184
0.009276867816675945,0.17615184815693138,0.002867257926181704
0.009730815878196932,0.17948403943310975,0.002757510537213654
0.010184512962906128,0.18282112172385362,0.002651122103308653
0.010636509627169208,0.18615666501055156,0.0025481211806038175
0.011085302359550736,0.18948392852903154,0.002448529017869934
0.011529337753329164,0.1927958637795702,0.002352360083365132
0.011967015476100417,0.19608512287307195,0.0022596223387502602
0.012396693142161035,0.19934410064350302,0.002170317409234818
0.012816691858715855,0.2025649810785924,0.0020844407864123366
0.013225299086106458,0.20573972844526822,0.0020019822474159612
0.013620771672426884,0.2088600795861412,0.0019229262747622376
0.014001340638844319,0.21191756524352492,0.0018472524111035223
0.014365216283608082,0.21490353319625602,0.0017749356464463555
0.014710608252658153,0.21780932159306662,0.0017059468259733354
0.015035753200096083,0.22062649053933914,0.001640253078200705
0.0153389120437372,0.22334673050501916,0.0015778182057628667
0.015618361419520041,0.22596171953611532,0.001518603025859129
0.01587240240974899,0.22846315960564717,0.0014625657914858522
0.016099432902183616,0.23084333258025483,0.001409662703836635
0.01629797519379904,0.23309525276868226,0.001359848440680954
0.01646663028990431,0.2352122102177175,0.0013130765163959811
0.016604079079975763,0.2371877211411044,0.0012692996347137063
0.016709261459927384,0.23901675737307285,0.0012284705247019554
0.016781410862148946,0.24069589197058563,0.0011905425375369136
0.016819906617426068,0.24222214272536877,0.001155469550046476
0.01682427061338815,0.24359289530521927,0.0011232061367077752
0.01679417306702704,0.2448059097109439,0.0010937081812366542
0.016729559958179197,0.24586010251023688,0.001066933450105298
0.016630766977959996,0.24675621727067146,0.0010428421622860388
0.016498400624037606,0.24749601520862818,0.0010213974059939007
0.016333226559143287,0.2480815514975689,0.0010025653150195519
0.01613616245694822,0.2485151418023603,0.0009863154288674587
0.01590827088741243,0.24879934379634414,0.0009726212442838138
0.01565075132071291,0.24893693900977323,0.0009614607238929495
0.015364931328162886,0.24893091477732032,0.0009528167499392141
0.015052257066146978,0.2487844463863174,0.0009466775198480545
0.014714283133229407,0.24850087952615638,0.0009430368809603021
0.014352639791906216,0.24808358112973658,0.0009418938610569267
0.013969017714087654,0.2475358942167695,0.0009432526983542231
0.01356518099053107,0.24686126564180286,0.0009471237939052925
0.013142962659875265,0.2460632721356547,0.0009535240392706506
0.012704253479151115,0.2451456065947766,0.0009624768159473624
0.012250990461456156,0.2441120639576941,0.0009740119138930741
0.0117851453419034,0.24296652758305462,0.0009881653860733019
0.011308713058448768,0.24171295618617653,0.0010049793404520104
0.010823700330862255,0.24035537136254995,0.0010245016707460504
0.010332114417623339,0.23889784571837233,0.0010467857276656944
0.009835952126409506,0.23734449162081664,0.001071889932768975
0.00933718914918787,0.23569945057391153,0.001099877337450165
0.008837769787799153,0.23396688321967976,0.0011308151299579848
0.008339597130419337,0.23215095995858606,0.0011647740936947509
0.007844523733479103,0.23025585217838146,0.0012018280203802056
0.007354342857594204,0.22828572407612482,0.00124205308197065
0.006870774169539209,0.22624467362085227,0.0012855269426868508
0.0063954544678262275,0.2241367028534677,0.0013323279345326797
0.0059299390685633845,0.22196577333722306,0.0013825345897708926
0.005475699585054821,0.21973583383041714,0.0014362250666344913
0.005034118198792683,0.21745081463923088,0.001493476397835382
0.004606482553175243,0.21511462161260023,0.0015543637107617912
0.004193981329089074,0.21273113048944012,0.0016189594397855319
0.003797700510946138,0.2103041815972218,0.0016873325361796093
0.0034186203462315003,0.2078375748839716,0.0017595476806316708
0.0030576129966051937,0.20533506526540604,0.001835664503305193
0.0027154408738236007,0.20280035826925444,0.0019157368163483708
0.0023927556492306257,0.2002371059594328,0.0019998118636677226
0.002090097921343512,0.19764890312356068,0.002087929592668962
0.001807897522139961,0.19503928370832324,0.0021801219525239618
0.0015464744390595985,0.19241171748834343,0.002276412223349949
0.0013060403264740722,0.18976960695549047,0.0023768143804881363
0.0010867005774650368,0.18711628441689954,0.002481332497844794
0.000888456924181455,0.18445500929136222,0.002589960194010685
0.0007112105328290221,0.18178896559514465,0.002702680124606701
0.0005547655574723815,0.17912125960968048,0.002819463524016912
0.0004188331153013084,0.17645491772492852,0.002940269799366875
0.00030303564481752777,0.17379288445347055,0.003065046179287805
0.0002069116075304177,0.17113802061162917,0.003193727419678088
0.0001299203983225198,0.16849309669785184,0.003326235528097686
7.144687107646094e-05,0.1658607305560359,0.0034624790773521243
3.080844901720489e-05,0.16324338903713873,0.0036023530477766147
7.262550105527262e-06,0.16064344676005615,0.0037457392782348376
1.2419347171108571e-08,0.158063187252565,0.003892506544907467
8.213006587512295e-06,0.1555048027527661,0.004042510651606
3.0976876152985805e-05,0.15297039409185859,0.004195594581483631
6.73801146778386e-05,0.15046197069711756,0.0043515887114090185
0.0001164682048395501,0.14798145071782629,0.004510311088032127
0.0001772618344800491,0.14553066127598777,0.004671567764185863
0.0002487626124432489,0.1431113388435423,0.004835153193953383
0.0003299586643920485,0.14072512974762455,0.005000850684434832
0.0004198300838624049,0.13837359080509035,0.005168432901966827
0.0005173542158514937,0.13605819008714234,0.005337662430285571
0.0006215107523056631,0.13378030781439654,0.00550829237788037
0.0007312866209561374,0.13154123738216936,0.005680067031559954
0.0008456806510321042,0.1293421865151396,0.005852722553049693
0.0009637080014482097,0.12718427854986689,0.006025987715254305
0.0010844043391036345,0.12506855384293789,0.00619958467465868
0.0012068297569314411,0.12299597130177434,0.006373229776199012
0.001330072423288206,0.1209674100343915,0.0065466343868176334
0.0014532519561657627,0.11898367111364445,0.006719505753818265
0.0015755225175298334,0.11704547945076185,0.006891547884063508
0.0016960782059250576,0.11515345602027145,0.007062461760051454
0.0018141599552067224,0.11330807652692423,0.007231945177968079
0.001929055886887365,0.11150970551202695,0.0073996943085235444
0.002040099294814063,0.10975864503384132,0.007565405751168413
0.0021466699518495887,0.10805513799857325,0.007728777561226945
0.0022481952112929715,0.10639937044625677,0.007889510193957061
0.002344150852055286,0.10479147384532483,0.00804730743738678
0.002434061674761407,0.1032315274151222,0.008201877332722703
0.002517501857607417,0.10171956046918258,0.008352933078580746
0.002594095081483872,0.10025555477121839,0.008500193915338496
0.002663514434447759,0.09883944689563742,0.00864338598605213
0.002725482106104679,0.09747113058435485,0.008782243170540069
0.0027797688828521488,0.09615045909169277,0.008916507889407985
0.0028261934552374426,0.09487724750925283,0.009045931874973516
0.0028646215489042197,0.09365127506280363,0.0091702769062431
0.0028949648907456286,0.09247228737344498,0.009289315505296663
0.0029171800219521937,0.09133999867559267,0.00940283159264698
0.002931266969646193,0.09025409398465983,0.009510621099358473
0.00293726778873543,0.08921423120769881,0.009612492533933622
0.002935264985503522,0.0882200431906987,0.009708267502202954
0.0029253549983542086,0.08727136957612468,0.009797781085485157
0.002907630790718955,0.08636840676149607,0.009880882197763903
0.0028822070050514292,0.08551146762322225,0.009957433665720135
0.0028492362330687047,0.08470082211950904,0.010027311965593708
0.002808907906245672,0.0839366994055632,0.010090407243467193
0.0027614471538713542,0.08321929041593332,0.01014662357002863
0.002707113539726557,0.08254875037785227,0.010195879157191279
0.002646199682287651,0.08192520123323827,0.010238106530543703
0.002579029766352999,0.08134873395503436,0.010273252657218387
0.0025059579540639802,0.08081941074469974,0.010301279029045108
0.002427366703262627,0.08033726709867592,0.010322161701027687
0.002343665001061044,0.07990231373271162,0.01033589128535038
0.0022552865203994774,0.07951453835403725,0.010342472901285702
0.0021626877072450025,0.07917390727252827,0.01034192608153692
0.00206632720875595,0.07888058887663066,0.010334284898660834
0.0019666596461324704,0.07863503641914334,0.01031959788318431
0.0018641549764237715,0.07843776590398231,0.010297927150383922
0.0017593040881355266,0.07828927520340774,0.010269347514733374
0.0016526171498357286,0.07819004669380869,0.010233946069196847
0.001544622042358802,0.07814054855540747,0.010191821886540534
0.0014358627203753722,0.07814123588412578,0.010143085692444001
0.0013268975076046836,0.07819255158506132,0.010087859511030946
0.0012182973290691653,0.07829492703522817,0.010026276284066667
0.0011106438838926094,0.07844878250412105,0.009958479465177927
0.0010045223029248622,0.07865463473566012,0.009884622590515712
0.0009005183511800035,0.07891314772414057,0.009804868827340723
0.0007992235844238258,0.07922502753888691,0.009719390328266991
0.0007012362192520253,0.07959097484969227,0.009628367492423968
0.0006071592816618256,0.08001168566093242,0.009531988392816585
0.0005175987783366046,0.08048785067756427,0.009430448273708033
0.0004331618127450948,0.08102015438659457,0.009323949036660239
0.000354454649814962,0.08160927381919451,0.009212698717120963
0.0002820807319568763,0.0822558769845531,0.009096910953043446
0.0002166386495177154,0.08296062096720398,0.008976804447058836
0.00015871992787634174,0.08372415835395886,0.008852602423718135
0.00010890577593276197,0.08454722992333771,0.008724532083312801
6.776651686979007e-05,0.08543065442121944,0.008592824041227316
3.5861513650932736e-05,0.08637523340590886,0.008457711632013757
1.3737032615191702e-05,0.08738175047685154,0.00831943023688396
1.924140746743263e-06,0.08845096752331554,0.008178216755746329
9.365720869437701e-07,0.08958362064949432,0.00803430908321214
1.1268569211025229e-05,0.09078041569818353,0.007887945591303774
3.339270481576302e-05,0.09204202337245498,0.007739364619984526
6.77576889017586e-05,0.09336907395438154,0.007588803976670069
0.00011478616743281568,0.09476215162172866,0.007436500445835453
0.00017487251874585916,0.09622178836545638,0.007282689309786262
0.0002483806635364189,0.0977484583678635,0.007127603874028248
0.0003356421655162077,0.09934259414537135,0.006971474813907789
0.0004369542446443868,0.10100457859068084,0.006814529760356982
0.0005525774747738637,0.10273471471808517,0.006656993065199015
0.0006827336995928927,0.1045332182132282,0.006499085372204796
0.0008276039751136548,0.10640020904645277,0.006341023229938777
0.0009873265606194412,0.10833570276671839,0.006183018721497799
0.0011619949661831252,0.11033960147869569,0.006025279112059015
0.001351656034164411,0.11241168467734516,0.005868006494174752
0.0015563077328897476,0.11455160138222618,0.005711397241529645
0.0017758973578972793,0.11675886009701532,0.005555641770117019
0.002010320253349377,0.11903281686424294,0.005400924525407471
0.002259418307229133,0.12137266498469415,0.005247423727819255
0.002522978551256247,0.12377742473369878,0.005095311136450066
0.0028007318782256757,0.1262459330155017,0.004944751833325255
0.0030923518847825286,0.12877683300947834,0.004795904028350659
0.003397453847167041,0.13136856386605197,0.004648918885208215
0.0037155938371506584,0.13401935051488026,0.004503940368399028
0.004046267985045098,0.13672719365258668,0.004361105111606132
0.00438891189630794,0.13948985998203256,0.00422054230751882
0.004742900227902294,0.14230487277983278,0.004082373619232295
0.005107546430206097,0.14516950287345837,0.0039467131133104905
0.005482102659923427,0.1480807601137999,0.0038136672145762046
0.0058657598691412485,0.15103538543342687,0.003683334682671089
0.006257648075418303,0.15402984358491675,0.003555806610408732
0.006656836817606622,0.15706031665746528,0.0034311664439263725
0.007062335802010694,0.16012269847346605,0.003309490024625277
0.007473095743506838,0.16321258996977195,0.003190845652875811
0.007888009406394985,0.16632529567084975,0.003075294173450809
0.008305912664265351,0.16945582179761023,0.0029628890461067705
0.008725584785326763,0.17259887794572537,0.0028536762604794656
0.009145750013490044,0.17574887754666632,0.0027476945182929573
0.009565080407914461,0.1788999374218907,0.0026449756111283245
0.009982197981697697,0.18204588122550316,0.0025455446182756263
0.010395677073962457,0.1851802447735366,0.00244942012415359
0.010804048582238636,0.18829631332625477,0.0023566143454584972
0.011205804378800147,0.1913871549470196,0.0022671333177641134
0.011599399578415251,0.19444560752136858,0.0021809772737761647
0.011983255366609194,0.19746427447440162,0.0020981409967735635
0.012355763040720369,0.20043554087397833,0.002018614133379219
0.012715288339860556,0.20335159126386704,0.0019423815344769646
0.013060176149971608,0.2062044296924548,0.001869423615424245
0.01338877793298719,0.20898613390254542,0.0017997167352809887
0.013699467994168076,0.2116889715164481,0.0017332335946594884
0.013990631875988804,0.21430521927241047,0.001669943557244781
0.014260667750600801,0.216827127223047,0.0016098129644210987
0.014507993999692997,0.21924694899704303,0.0015528055636103407
0.014731111480304945,0.22155742972326645,0.0014988829817186911
0.01492863083403301,0.2237519675970331,0.0014480052132467846
0.01509923425811378,0.22582421645648443,0.001400130952632465
0.015241674118624912,0.22776801838541616,0.0013552179092034748
0.015354887588563612,0.2295782020363786,0.0013132234982742204
0.015438072537436953,0.23125105364334383,0.0012741054808895038
0.01549060187247401,0.23278359356459458,0.0012378220405910958
0.015511975887405263,0.23417317096934032,0.0012043318243885575
0.015501828102044717,0.23541746986607662,0.0011735943795513305
0.015459929927589528,0.23651451477072497,0.001145570740069446
0.015386391606087584,0.23746394558801873,0.001120223894597149
0.01528168059014809,0.23826709287740303,0.0010975193413396735
0.015146424952942276,0.2389256608625897,0.0010774253051719076
0.014981394174611678,0.23944160200514145,0.0010599128157607251
0.014787492993298377,0.2398170986189843,0.0010449561940371248
0.014565754557090634,0.2400545467873828,0.0010325335374109445
0.014317332822909638,0.24015654034543257,0.001022627156799702
0.014043494275834938,0.2401258549712801,0.001015223961106773
0.013745609046610588,0.23996543247647042,0.0010103157866102042
0.013425141508408654,0.2396783653787132,0.0010078996691398846
0.013083626269239744,0.23926779462359396,0.0010079775419485292
0.012722648552117806,0.2387368341121347,0.0010105560144367586
0.012343850117161022,0.23808865388481718,0.0010156470347015298
0.011948930704549854,0.23732653918288119,0.0010232683695281701
0.01153963788980151,0.23645387921554625,0.0010334435825219473
0.011117756700968128,0.23547415478597608,0.001046201923260688
0.010685099204135209,0.23439092633146832,0.0010615781579717083
0.010243494133427898,0.23320782244332466,0.001079612343806878
0.009794776638060323,0.2319285288899992,0.0011003495482111844
0.009340778215730504,0.2305567781597626,0.00112383951522071
0.008883316897905134,0.22909633953301917,0.0011501362808815432
0.00842418774833291,0.22755100968880176,0.0011792977403227269
0.007965153731536948,0.22592460384485558,0.0012113851693412833
0.007507937003138395,0.2242209474261166,0.001246462703662295
0.0070542106687215035,0.2224438682523348,0.0012845967793201785
0.006605591052630848,0.2205971892320556,0.0013258555378660194
0.006163630512660187,0.2186847215471886,0.0013703082003383874
0.005729810831107055,0.21671025830991272,0.0014180244141396379
0.005305537207187146,0.21467756867170623,0.0014690735771350333
0.004892131032037648,0.21259037463778807,0.0015235240572003717
0.00449082275971441,0.2104523189546611,0.0015814423388157025
0.0041027511774188894,0.20826698656159026,0.0016428924184915688
0.0037289636289543704,0.20603793598088563,0.0017079352759226268
0.0033704129229080197,0.20376869529492395,0.0017766281718947139
0.0030279548192465237,0.20146275762349602,0.0018490239326653854
0.0027023461346770963,0.19912357685317678,0.0019251702434993588
0.0023942434598783428,0.19675456362236146,0.0020051089564111376
0.0021042024774722556,0.194359081548681,0.0020888754164477114
0.0018326778659508286,0.1919404436857729,0.0021764978107061046
0.0015800237713812855,0.1895019091972122,0.002267996544133827
0.001346494825608282,0.1870466802363547,0.002363383645989874
0.0011322476868595606,0.18457789902188218,0.0024626622106502
0.0009373430761504969,0.18209864509993284,0.0025658258762268015
0.0007617482806752063,0.17961193278482238,0.0026728583442349814
0.0006053400934698029,0.17712070877149416,0.0027837329432912035
0.00046790704478139153,0.17462781856773285,0.0028984120070484278
0.0003491533585203506,0.1721359883344122,0.003016846380360468
0.0002487048529163692,0.16964785163230295,0.003138975326228887
0.00016611401884663736,0.16716596197567918,0.0032647264177023904
0.00010086474121480414,0.1646927922902057,0.0033940153769937156
5.2377206480385555e-05,0.16223073415277953,0.003526745960071723
2.001296894406648e-05,0.15978209713764596,0.003662809898343128
3.08014115510064e-06,0.15734910827670104,0.0038020868983342313
8.386745762737757e-07,0.15493391163416884,0.003944444699552667
1.250569768360236e-05,0.1525385679961211,0.004089739190372741
3.7260879874335947e-05,0.15016505467567162,0.00423781458146977
7.425179088984209e-05,0.1478152654349223,0.004388503636019486
0.00012259922691270513,0.14549101052486413,0.00454162795557844
0.00018140247605328555,0.1431940168444472,0.004696998320273115
0.0002497444975837311,0.14092592821993238,0.004854415081649109
0.00032669699099137464,0.1386883058054447,0.0050136686062700496
0.00041132533269299537,0.13648262860535354,0.0051745397679087745
0.0005026933600621291,0.13431029411874004,0.005336800485942973
0.000599867984258997,0.13217261910576694,0.0055002143073533535
0.0007019236152032879,0.13007084047526732,0.005664537029526818
0.0008079463838813998,0.1280061162923122,0.0058295173608898816
0.0009170381490191531,0.12597952690393086,0.00599489761623876
0.0010283202769677646,0.12399207618053101,0.0061604144434937195
0.0011409371854341193,0.12204469286993291,0.006325799578485723
0.0012540596434263702,0.12013823206028243,0.006490780624283763
0.001366887821474056,0.11827347674746194,0.006655081851490798
0.0014786586805739326,0.1164510822446015,0.006818423739321464
0.001588650415183509,0.11467156592002964,0.006980523420500211
0.001696180566761825,0.11293536851834292,0.007141096830142283
0.0018006066855929535,0.11124287125974934,0.007299859984088369
0.0019013277949722792,0.10959439813801315,0.00745652987648772
0.001997785626856173,0.1079902179071536,0.007610825349331849
0.0020894656174540753,0.10643054609882688,0.0077624679553427115
0.0021758976688126333,0.10491554707261051,0.00791118281145435
0.0022566566834901136,0.10344533609254028,0.008056699439356099
0.0023313628801269744,0.10201998142281818,0.008198752589649567
0.002399681898335585,0.10063950643546339,0.008337083046294266
0.00246132470186433,0.09930389172259509,0.008471438408154383
0.0025160472894410306,0.09801307720601639,0.008601573844608492
0.0025636502230705874,0.09676696423680711,0.008727252822344754
0.0026039779838553014,0.0955654176777314,0.00884824780063496
0.002636918165626928,0.09440826796142023,0.008964340892560456
0.002662400516831432,0.0932953131174973,0.009075324489850848
0.0026803958411947123,0.09222632076207533,0.009181001849191142
0.0026909147677243034,0.09120103004335639,0.009281187638052893
0.0026940064005735037,0.09021915353741902,0.009375708438310813
0.0026897532941383352,0.08928041373837961,0.009464403192447247
0.002678235494240409,0.08838488123126756,0.009547123484143404
0.002659534304505232,0.08753292889496474,0.009623733863774828
0.0026337669808228783,0.08672488649872002,0.009694111696219995
0.002601085695872078,0.08596104191776656,0.009758146885977044
0.002561676570202763,0.08524164345771468,0.00981574212985472
0.0025157585868745887,0.08456690214045788,0.009866813141437884
0.002463582390759852,0.08393699392169036,0.00991128883540046
0.002405428979624533,0.08335206182619867,0.009949111471062845
0.002341608294302217,0.08281221798829982,0.009980236754964712
0.0022724577153069845,0.08231754558567542,0.010004633902384902
0.002198340473223788,0.08186810065577636,0.010022285657894318
0.0021196439801753554,0.081463913784942,0.010033188275180542
0.0020367780895964964,0.08110499166139164,0.010037351456532156
0.0019501732914549896,0.08079131848429227,0.010034798252517267
0.001860265408954101,0.08052302784257766,0.010025565119580604
0.0017674862462274217,0.08030052498750388,0.010009701882015939
0.0016722779027363512,0.08012431517252597,0.009987271025496612
0.0015751012869413023,0.07999488303902097,0.009958346809532649
0.0014764344741631855,0.07991269552485325,0.009923014793727819
0.0013767712137295357,0.07987820291075541,0.009881371551386601
0.0012766193710541417,0.0798918397064043,0.009833524357946422
0.0011764993092415975,0.07995402533920841,0.00977959085459243
0.0010769422135419912,0.08006516463505231,0.00971969868820061
0.000978488362104266,0.08022564808098459,0.009653985128871117
0.0008816853465575326,0.08043585186091967,0.009582596666371093
0.0007870798120480422,0.08069628278730523,0.009505688586858102
0.0006952174490819301,0.08100758276298776,0.009423424531302028
0.00060664883221905,0.08137038612798606,0.009335975809984
0.0005219277620891517,0.081785317557777,0.009243520704389796
0.00044160953751148463,0.0822529913682284,0.009146243991219575
0.0003662491848080819,0.0827740105067916,0.009044336463516392
0.0002963996433621439,0.08334896525882056,0.008937994443757138
0.00023260991031128324,0.08397843166040969,0.008827419290249267
0.00017542314749052337,0.0846629696111843,0.008712816898225926
0.00012537475399721485,0.0854031206816509,0.008594397197029466
8.299040801818082e-05,0.08619940561096788,0.008472373644765083
4.878363372916511e-05,0.08705237231757411,0.008346962721793864
2.3254227099843564e-05,0.08796263782045842,0.00821838342441828
6.8877219180196235e-06,0.08893083574342756,0.008086856690210137
1.5402288561615708e-07,0.08995757059952882,0.007952604770779888
3.505431469807779e-06,0.09104341506493721,0.007815850686649662
1.737467420011889e-05,0.09218890572047819,0.007676817751094891
4.2172919317551645e-05,0.0933945384778992,0.007535729101166838
7.828778724198516e-05,0.0946607636584423,0.007392807237584595
0.00012608136035314598,0.09598798072766847,0.007248273574475639
0.00018588819791243435,0.09737653269139952,0.00710234799993753
0.0002580133622657581,0.09882670015964472,0.006955248448348297
0.00034273046276439914,0.10033869508746847,0.006807190485307965
0.00044027972411846437,0.10191265420397182,0.006658386906046902
0.000550866086152041,0.1035486321428986,0.006509047348090125
0.0006746574919698792,0.10524660308700229,0.006359377847849301
0.0008117833182434018,0.1070064631048122,0.006209580413837367
0.0009623325741778671,0.108828013462,0.0060598527647579585
0.0011263520713109423,0.1107109429124309,0.0059103880754479594
0.001303844799514709,0.11265481971311969,0.005761374665217301
0.0014947683671610165,0.11465908320704161,0.005612995714064653
0.0016990335231780002,0.1167230352609065,0.005465428997088202
0.0019165027684909903,0.11884583158551826,0.005318846637589064
0.0021469890644868995,0.12102647297825782,0.0051734148792064475
0.002390254646036389,0.12326379653065667,0.005029293877389992
0.0026460099464772962,0.12555646684777563,0.00488663751047459
0.0029139126418002044,0.12790296732992032,0.004745593210585085
0.0031935668210864893,0.13030159157108454,0.004606301814561952
0.0034845222900378,0.13275043493240243,0.004468897435064298
0.003786274014209311,0.13524738635277342,0.00433350735197404
0.004098261708326386,0.13779012046266986,0.00420025192419425
0.004419869577834578,0.14037609007091015,0.00406924452190575
0.0047504262186170015,0.14300251909784195,0.003940591479319099
0.005089204680623241,0.14566639603187345,0.0038143920679341767
0.005435422701002377,0.14836446798958033,0.0036907384902962084
0.005788243112235216,0.15109323546263595,0.0035697158942157034
0.006146774430730123,0.15384894783750488,0.0034514024073999594
0.00651007163140042,0.15662759977614424,0.003335869192425559
0.006877137113893731,0.15942492854779952,0.003223180521964539
0.007246921866412104,0.16223641240329012,0.0031133938741609666
0.007618326833459937,0.16505727008388205,0.003006560048040313
0.007990204950368483,0.16788247109038845,0.0029027232574790527
0.008361364254883217,0.17070676328644718,0.002801921183458206
0.008730569893265344,0.17352467139157823,0.0027041851836476657
0.009096545583272754,0.17633048142285207,0.0026095405695516724
0.009457976299802958,0.17911824808424096,0.002518006809211015
0.009813511159569098,0.181881803263498,0.0024295977603648188
0.010161766581924263,0.18461476621366718,0.0023443219222723977
0.010501329738816836,0.1873105554599109,0.0022621827060169916
0.010830762309582138,0.18996240247999024,0.0021831787229734017
0.01114861659532893,0.19256349956173127,0.0021073040911037777
0.011453452976834979,0.19510714699434104,0.002034548758717167
0.011743836435144891,0.1975866611449733,0.0019648987844816256
0.012018333045292456,0.19999528907362407,0.0018983365831074562
0.012275516225768562,0.20232623273316244,0.0018348412502930175
